7392-538280
OS REV: 1.11 Sensor Cal: 1466698825
Time (sec),  BV (Volts),  T (deg C),  DO (mg/l),  Q ()
1667056080,+3.17,+20.300, +8.695,+1.040
1667056380,+3.17,+20.266, +8.722,+1.041
1667056680,+3.16,+20.191, +8.716,+1.041
1667056980,+3.16,+20.149, +8.698,+1.041
1667057280,+3.16,+20.157, +8.672,+1.040
1667057580,+3.16,+20.107, +8.663,+1.040
1667057880,+3.15,+20.107, +8.662,+1.041
1667058180,+3.16,+20.342, +8.618,+1.040
1667058480,+3.15,+20.568, +8.613,+1.041
1667058780,+3.15,+20.795, +8.582,+1.040
1667059080,+3.15,+20.636, +8.566,+1.040
1667059380,+3.15,+20.485, +8.590,+1.041
1667059680,+3.15,+20.552, +8.643,+1.040
1667059980,+3.15,+20.661, +8.630,+1.041
1667060280,+3.15,+20.619, +8.611,+1.040
1667060580,+3.15,+20.275, +8.652,+1.040
1667060880,+3.15,+20.107, +8.732,+1.039
1667061180,+3.15,+20.149, +8.723,+1.041
1667061480,+3.15,+20.023, +8.745,+1.041
1667061780,+3.15,+19.813, +8.842,+1.040
1667062080,+3.15,+19.813, +8.950,+1.041
1667062380,+3.14,+19.922, +9.039,+1.040
1667062680,+3.14,+19.905, +9.105,+1.040
1667062980,+3.15,+19.804, +8.996,+1.040
1667063280,+3.14,+20.308, +8.911,+1.042
1667063580,+3.14,+22.245, +8.354,+1.043
1667063880,+3.15,+22.580, +8.263,+1.043
1667064180,+3.15,+22.706, +8.246,+1.045
1667064480,+3.15,+22.606, +8.224,+1.040
1667064780,+3.15,+22.715, +8.252,+1.042
1667065080,+3.15,+22.731, +8.247,+1.043
1667065380,+3.15,+22.446, +8.216,+1.042
1667065680,+3.15,+20.703, +8.432,+1.037
1667065980,+3.15,+20.073, +8.651,+1.038
1667066280,+3.14,+19.813, +8.689,+1.038
1667066580,+3.14,+19.687, +8.715,+1.039
1667066880,+3.14,+19.577, +8.708,+1.040
1667067180,+3.14,+19.510, +8.697,+1.041
1667067480,+3.14,+19.796, +8.698,+1.040
1667067780,+3.14,+19.846, +8.738,+1.041
1667068080,+3.14,+20.065, +8.737,+1.040
1667068380,+3.14,+20.065, +8.729,+1.042
1667068680,+3.14,+20.401, +8.651,+1.041
1667068980,+3.14,+20.954, +8.559,+1.041
1667069280,+3.14,+20.443, +8.490,+1.040
1667069580,+3.14,+20.014, +8.550,+1.039
1667069880,+3.14,+19.939, +8.646,+1.040
1667070180,+3.14,+20.560, +8.585,+1.042
1667070480,+3.14,+21.658, +8.344,+1.043
1667070780,+3.14,+21.767, +8.261,+1.042
1667071080,+3.14,+21.047, +8.352,+1.039
1667071380,+3.14,+20.887, +8.563,+1.040
1667071680,+3.14,+21.290, +8.405,+1.042
1667071980,+3.14,+21.122, +8.330,+1.040
1667072280,+3.14,+20.736, +8.487,+1.041
1667072580,+3.14,+20.904, +8.449,+1.040
1667072880,+3.14,+22.103, +8.232,+1.043
1667073180,+3.14,+22.404, +8.179,+1.043
1667073480,+3.14,+22.564, +8.181,+1.045
1667073780,+3.14,+22.631, +8.123,+1.043
1667074080,+3.14,+22.622, +8.139,+1.042
1667074380,+3.14,+22.606, +8.140,+1.043
1667074680,+3.14,+22.455, +8.089,+1.041
1667074980,+3.14,+22.228, +8.219,+1.041
1667075280,+3.14,+22.379, +8.186,+1.042
1667075580,+3.14,+22.606, +8.099,+1.042
1667075880,+3.14,+22.564, +8.073,+1.042
1667076180,+3.14,+22.438, +8.113,+1.042
1667076480,+3.14,+21.742, +8.269,+1.041
1667076780,+3.14,+21.633, +8.263,+1.040
1667077080,+3.14,+21.793, +8.253,+1.042
1667077380,+3.14,+21.725, +8.151,+1.041
1667077680,+3.14,+21.390, +8.219,+1.040
1667077980,+3.14,+21.181, +8.219,+1.040
1667078280,+3.14,+21.625, +8.207,+1.042
1667078580,+3.14,+21.918, +8.132,+1.041
1667078880,+3.14,+21.667, +8.139,+1.040
1667079180,+3.14,+21.390, +8.226,+1.041
1667079480,+3.14,+21.709, +8.211,+1.042
1667079780,+3.14,+21.943, +8.150,+1.042
1667080080,+3.14,+22.128, +8.144,+1.043
1667080380,+3.14,+22.145, +8.116,+1.042
1667080680,+3.14,+22.077, +8.098,+1.040
1667080980,+3.14,+22.237, +8.101,+1.041
1667081280,+3.14,+22.312, +8.117,+1.042
1667081580,+3.14,+22.413, +8.074,+1.041
1667081880,+3.14,+22.421, +8.068,+1.043
1667082180,+3.14,+22.371, +8.016,+1.041
1667082480,+3.14,+22.321, +8.006,+1.042
1667082780,+3.14,+22.103, +8.013,+1.041
1667083080,+3.14,+21.918, +7.993,+1.040
1667083380,+3.14,+21.885, +8.004,+1.041
1667083680,+3.14,+21.709, +7.996,+1.040
1667083980,+3.14,+21.457, +8.039,+1.041
1667084280,+3.14,+21.390, +8.074,+1.041
1667084580,+3.14,+21.373, +8.085,+1.041
1667084880,+3.14,+21.533, +8.078,+1.040
1667085180,+3.14,+21.709, +8.091,+1.041
1667085480,+3.14,+21.617, +8.140,+1.042
1667085780,+3.14,+21.524, +8.166,+1.042
1667086080,+3.14,+21.239, +8.179,+1.040
1667086380,+3.14,+21.097, +8.206,+1.041
1667086680,+3.14,+20.988, +8.206,+1.040
1667086980,+3.14,+21.072, +8.189,+1.042
1667087280,+3.14,+21.122, +8.076,+1.041
1667087580,+3.14,+21.256, +8.075,+1.041
1667087880,+3.14,+21.373, +8.086,+1.041
1667088180,+3.14,+21.499, +8.087,+1.042
1667088480,+3.14,+21.642, +7.981,+1.041
1667088780,+3.14,+21.843, +8.045,+1.041
1667089080,+3.14,+21.776, +8.129,+1.042
1667089380,+3.14,+21.776, +8.159,+1.043
1667089680,+3.14,+21.373, +8.073,+1.039
1667089980,+3.14,+20.837, +8.253,+1.039
1667090280,+3.14,+20.753, +8.311,+1.039
1667090580,+3.14,+20.812, +8.361,+1.041
1667090880,+3.14,+20.745, +8.375,+1.040
1667091180,+3.14,+20.803, +8.372,+1.041
1667091480,+3.14,+21.088, +8.299,+1.041
1667091780,+3.14,+21.248, +8.294,+1.042
1667092080,+3.14,+21.281, +8.353,+1.042
1667092380,+3.14,+21.231, +8.384,+1.041
1667092680,+3.14,+21.181, +8.350,+1.040
1667092980,+3.14,+21.231, +8.320,+1.041
1667093280,+3.14,+21.114, +8.229,+1.041
1667093580,+3.14,+20.862, +8.266,+1.038
1667093880,+3.14,+20.803, +8.346,+1.041
1667094180,+3.14,+20.787, +8.341,+1.040
1667094480,+3.14,+20.686, +8.323,+1.039
1667094780,+3.14,+20.342, +8.393,+1.040
1667095080,+3.14,+20.434, +8.376,+1.041
1667095380,+3.14,+20.602, +8.414,+1.040
1667095680,+3.14,+20.610, +8.530,+1.040
1667095980,+3.14,+20.501, +8.620,+1.040
1667096280,+3.14,+20.451, +8.618,+1.040
1667096580,+3.14,+20.266, +8.597,+1.039
1667096880,+3.14,+20.182, +8.598,+1.040
1667097180,+3.14,+20.216, +8.581,+1.041
1667097480,+3.14,+20.275, +8.564,+1.042
1667097780,+3.14,+20.308, +8.528,+1.042
1667098080,+3.14,+20.350, +8.522,+1.042
1667098380,+3.14,+20.384, +8.492,+1.041
1667098680,+3.14,+20.350, +8.484,+1.040
1667098980,+3.14,+20.292, +8.474,+1.040
1667099280,+3.14,+20.233, +8.461,+1.041
1667099580,+3.14,+20.191, +8.444,+1.040
1667099880,+3.14,+20.107, +8.453,+1.040
1667100180,+3.14,+20.014, +8.495,+1.041
1667100480,+3.14,+20.023, +8.440,+1.040
1667100780,+3.14,+20.056, +8.390,+1.039
1667101080,+3.14,+20.014, +8.382,+1.041
1667101380,+3.14,+20.048, +8.375,+1.041
1667101680,+3.14,+20.266, +8.340,+1.041
1667101980,+3.14,+20.149, +8.389,+1.041
1667102280,+3.14,+20.115, +8.379,+1.041
1667102580,+3.14,+20.073, +8.389,+1.041
1667102880,+3.14,+20.056, +8.356,+1.040
1667103180,+3.14,+20.182, +8.321,+1.041
1667103480,+3.14,+20.250, +8.294,+1.041
1667103780,+3.14,+20.073, +8.286,+1.040
1667104080,+3.14,+19.972, +8.306,+1.040
1667104380,+3.14,+20.115, +8.254,+1.039
1667104680,+3.14,+20.090, +8.267,+1.040
1667104980,+3.14,+19.998, +8.242,+1.040
1667105280,+3.14,+19.905, +8.270,+1.040
1667105580,+3.14,+19.804, +8.274,+1.040
1667105880,+3.14,+19.804, +8.287,+1.039
1667106180,+3.14,+19.729, +8.283,+1.039
1667106480,+3.14,+19.678, +8.286,+1.040
1667106780,+3.14,+19.670, +8.271,+1.040
1667107080,+3.14,+19.746, +8.212,+1.040
1667107380,+3.14,+19.729, +8.207,+1.040
1667107680,+3.14,+19.594, +8.187,+1.039
1667107980,+3.14,+19.653, +8.131,+1.040
1667108280,+3.14,+19.662, +8.125,+1.041
1667108580,+3.14,+19.653, +8.118,+1.040
1667108880,+3.14,+19.620, +8.079,+1.041
1667109180,+3.14,+19.729, +8.062,+1.039
1667109480,+3.14,+19.762, +8.135,+1.041
1667109780,+3.14,+19.813, +8.172,+1.040
1667110080,+3.14,+19.813, +8.218,+1.041
1667110380,+3.14,+19.872, +8.248,+1.040
1667110680,+3.14,+19.888, +8.342,+1.041
1667110980,+3.14,+20.124, +8.364,+1.041
1667111280,+3.14,+20.174, +8.359,+1.040
1667111580,+3.14,+20.208, +8.295,+1.039
1667111880,+3.14,+20.048, +8.397,+1.042
1667112180,+3.14,+20.065, +8.361,+1.040
1667112480,+3.14,+20.006, +8.332,+1.039
1667112780,+3.14,+19.981, +8.333,+1.039
1667113080,+3.14,+19.914, +8.351,+1.039
1667113380,+3.14,+19.972, +8.361,+1.041
1667113680,+3.14,+19.947, +8.407,+1.040
1667113980,+3.14,+19.939, +8.391,+1.041
1667114280,+3.14,+19.930, +8.393,+1.040
1667114580,+3.14,+19.964, +8.475,+1.040
1667114880,+3.14,+19.981, +8.468,+1.039
1667115180,+3.14,+20.048, +8.466,+1.041
1667115480,+3.14,+20.056, +8.442,+1.040
1667115780,+3.14,+20.082, +8.416,+1.040
1667116080,+3.14,+20.166, +8.415,+1.039
1667116380,+3.14,+20.140, +8.460,+1.041
1667116680,+3.14,+20.501, +8.363,+1.040
1667116980,+3.14,+20.602, +8.318,+1.041
1667117280,+3.14,+20.845, +8.240,+1.041
1667117580,+3.14,+20.518, +8.191,+1.039
1667117880,+3.14,+20.224, +8.278,+1.041
1667118180,+3.14,+20.140, +8.306,+1.040
1667118480,+3.14,+20.124, +8.292,+1.040
1667118780,+3.14,+20.157, +8.245,+1.040
1667119080,+3.14,+20.208, +8.224,+1.039
1667119380,+3.14,+20.300, +8.251,+1.042
1667119680,+3.14,+20.292, +8.212,+1.040
1667119980,+3.14,+20.199, +8.211,+1.040
1667120280,+3.14,+20.350, +8.219,+1.041
1667120580,+3.14,+20.728, +8.174,+1.041
1667120880,+3.14,+20.887, +8.111,+1.042
1667121180,+3.14,+20.619, +8.076,+1.039
1667121480,+3.14,+20.711, +8.097,+1.040
1667121780,+3.14,+21.273, +7.978,+1.040
1667122080,+3.14,+21.390, +7.916,+1.042
1667122380,+3.14,+21.348, +8.021,+1.041
1667122680,+3.14,+21.223, +8.063,+1.041
1667122980,+3.14,+21.088, +8.072,+1.040
1667123280,+3.14,+21.348, +8.005,+1.041
1667123580,+3.14,+21.608, +7.894,+1.042
1667123880,+3.14,+21.399, +7.860,+1.041
1667124180,+3.14,+21.206, +7.880,+1.041
1667124480,+3.14,+21.390, +7.876,+1.041
1667124780,+3.14,+21.692, +7.854,+1.040
1667125080,+3.14,+21.725, +7.876,+1.041
1667125380,+3.14,+21.575, +8.053,+1.040
1667125680,+3.14,+21.742, +8.020,+1.042
1667125980,+3.14,+21.843, +7.896,+1.040
1667126280,+3.14,+21.692, +8.106,+1.040
1667126580,+3.14,+21.340, +8.293,+1.040
1667126880,+3.14,+21.172, +8.403,+1.040
1667127180,+3.14,+21.625, +8.048,+1.042
1667127480,+3.14,+21.885, +7.967,+1.042
1667127780,+3.14,+21.700, +8.029,+1.041
1667128080,+3.14,+21.675, +8.016,+1.040
1667128380,+3.14,+21.826, +7.996,+1.041
1667128680,+3.14,+21.943, +7.949,+1.041
1667128980,+3.14,+22.036, +7.913,+1.042
1667129280,+3.14,+22.077, +7.891,+1.041
1667129580,+3.14,+22.119, +7.903,+1.042
1667129880,+3.14,+22.128, +7.928,+1.042
1667130180,+3.14,+22.145, +7.936,+1.042
1667130480,+3.14,+22.145, +7.886,+1.038
1667130780,+3.14,+22.153, +7.917,+1.041
1667131080,+3.14,+22.170, +7.948,+1.043
1667131380,+3.14,+22.178, +7.915,+1.040
1667131680,+3.14,+22.186, +7.950,+1.042
1667131980,+3.14,+22.186, +7.941,+1.040
1667132280,+3.14,+22.186, +7.950,+1.041
1667132580,+3.14,+22.212, +7.949,+1.041
1667132880,+3.14,+22.203, +7.929,+1.041
1667133180,+3.14,+22.237, +7.912,+1.041
1667133480,+3.14,+22.245, +7.900,+1.042
1667133780,+3.14,+22.245, +7.867,+1.041
1667134080,+3.14,+22.245, +7.845,+1.041
1667134380,+3.14,+22.270, +7.854,+1.041
1667134680,+3.14,+22.245, +7.878,+1.041
1667134980,+3.14,+22.228, +7.885,+1.042
1667135280,+3.14,+22.212, +7.869,+1.041
1667135580,+3.14,+22.220, +7.893,+1.042
1667135880,+3.14,+22.228, +7.887,+1.041
1667136180,+3.14,+22.254, +7.971,+1.041
1667136480,+3.14,+22.254, +7.996,+1.043
1667136780,+3.14,+22.237, +7.970,+1.042
1667137080,+3.14,+22.270, +7.927,+1.041
1667137380,+3.14,+22.237, +7.940,+1.042
1667137680,+3.14,+22.279, +7.939,+1.042
1667137980,+3.14,+22.279, +7.942,+1.042
1667138280,+3.14,+22.287, +7.962,+1.042
1667138580,+3.14,+22.304, +7.964,+1.042
1667138880,+3.14,+22.287, +7.940,+1.042
1667139180,+3.14,+22.287, +7.930,+1.042
1667139480,+3.14,+22.312, +7.905,+1.042
1667139780,+3.14,+22.312, +7.931,+1.042
1667140080,+3.14,+22.295, +8.007,+1.042
1667140380,+3.14,+22.295, +8.016,+1.043
1667140680,+3.14,+22.295, +7.995,+1.041
1667140980,+3.14,+22.329, +8.000,+1.042
1667141280,+3.14,+22.312, +8.027,+1.041
1667141580,+3.14,+22.312, +8.037,+1.042
1667141880,+3.14,+22.304, +8.063,+1.042
1667142180,+3.14,+22.304, +8.064,+1.043
1667142480,+3.14,+22.337, +8.053,+1.041
