7392-538280
OS REV: 1.11 Sensor Cal: 1466698825
Time (sec),  BV (Volts),  T (deg C),  DO (mg/l),  Q ()
1667923080,+3.14,+18.997, +7.148,+1.041
1667923380,+3.13,+18.963, +7.177,+1.041
1667923680,+3.13,+18.963, +7.150,+1.042
1667923980,+3.13,+18.946, +7.126,+1.041
1667924280,+3.13,+18.955, +7.099,+1.042
1667924580,+3.13,+18.929, +7.060,+1.041
1667924880,+3.13,+18.929, +7.087,+1.041
1667925180,+3.13,+18.904, +7.143,+1.042
1667925480,+3.13,+18.955, +7.108,+1.042
1667925780,+3.13,+18.904, +7.081,+1.041
1667926080,+3.13,+18.938, +7.053,+1.041
1667926380,+3.13,+18.921, +7.023,+1.041
1667926680,+3.13,+18.938, +7.000,+1.042
1667926980,+3.13,+18.946, +6.979,+1.041
1667927280,+3.13,+18.946, +6.966,+1.042
1667927580,+3.13,+18.980, +6.938,+1.041
1667927880,+3.13,+19.005, +6.916,+1.041
1667928180,+3.13,+19.005, +6.883,+1.041
1667928480,+3.13,+18.980, +6.875,+1.041
1667928780,+3.13,+18.980, +6.870,+1.041
1667929080,+3.13,+19.014, +6.875,+1.041
1667929380,+3.13,+19.022, +6.843,+1.041
1667929680,+3.13,+19.014, +6.816,+1.041
1667929980,+3.13,+18.980, +6.841,+1.041
1667930280,+3.13,+18.938, +6.856,+1.042
1667930580,+3.13,+18.980, +6.817,+1.041
1667930880,+3.13,+18.963, +6.832,+1.042
1667931180,+3.13,+18.963, +6.812,+1.041
1667931480,+3.13,+18.980, +6.802,+1.042
1667931780,+3.13,+18.946, +6.798,+1.041
1667932080,+3.13,+18.963, +6.776,+1.042
1667932380,+3.13,+18.938, +6.799,+1.042
1667932680,+3.13,+18.955, +6.770,+1.041
1667932980,+3.13,+18.971, +6.762,+1.041
1667933280,+3.13,+19.005, +6.769,+1.042
1667933580,+3.13,+18.997, +6.758,+1.041
1667933880,+3.13,+19.014, +6.737,+1.041
1667934180,+3.13,+19.014, +6.771,+1.042
1667934480,+3.13,+18.997, +6.756,+1.042
1667934780,+3.13,+18.988, +6.726,+1.041
1667935080,+3.13,+19.005, +6.649,+1.041
1667935380,+3.13,+19.014, +6.600,+1.042
1667935680,+3.13,+19.030, +6.594,+1.043
1667935980,+3.13,+19.030, +6.618,+1.042
1667936280,+3.13,+19.022, +6.794,+1.041
1667936580,+3.13,+19.030, +6.890,+1.042
1667936880,+3.13,+18.980, +6.951,+1.040
1667937180,+3.13,+18.938, +6.987,+1.041
1667937480,+3.13,+18.971, +6.905,+1.040
1667937780,+3.13,+18.988, +6.929,+1.042
1667938080,+3.13,+19.005, +6.922,+1.042
1667938380,+3.13,+19.014, +6.916,+1.042
1667938680,+3.13,+19.005, +6.895,+1.041
1667938980,+3.13,+19.005, +6.891,+1.041
1667939280,+3.13,+19.022, +6.874,+1.042
1667939580,+3.13,+19.014, +6.836,+1.041
1667939880,+3.13,+18.988, +6.815,+1.042
1667940180,+3.13,+19.005, +6.773,+1.041
1667940480,+3.13,+19.039, +6.727,+1.041
1667940780,+3.13,+19.022, +6.715,+1.042
1667941080,+3.13,+19.022, +6.687,+1.042
1667941380,+3.13,+19.005, +6.680,+1.043
1667941680,+3.13,+19.039, +6.656,+1.041
1667941980,+3.13,+19.022, +6.767,+1.042
1667942280,+3.13,+19.030, +6.966,+1.041
1667942580,+3.13,+19.005, +7.099,+1.041
1667942880,+3.13,+19.030, +7.138,+1.042
1667943180,+3.13,+19.030, +7.153,+1.042
1667943480,+3.13,+19.039, +7.125,+1.042
1667943780,+3.13,+19.039, +7.097,+1.040
1667944080,+3.13,+19.064, +7.110,+1.041
1667944380,+3.13,+19.022, +7.184,+1.042
1667944680,+3.13,+19.022, +7.231,+1.040
1667944980,+3.13,+19.022, +7.330,+1.041
1667945280,+3.13,+19.022, +7.369,+1.042
1667945580,+3.13,+19.022, +7.341,+1.041
1667945880,+3.12,+19.005, +7.380,+1.040
1667946180,+3.13,+18.997, +7.492,+1.042
1667946480,+3.13,+19.014, +7.520,+1.041
1667946780,+3.13,+19.014, +7.552,+1.041
1667947080,+3.13,+18.980, +7.600,+1.041
1667947380,+3.13,+19.014, +7.585,+1.042
1667947680,+3.13,+18.997, +7.572,+1.041
1667947980,+3.13,+18.988, +7.604,+1.041
1667948280,+3.13,+18.980, +7.614,+1.042
1667948580,+3.13,+18.980, +7.574,+1.041
1667948880,+3.13,+18.971, +7.549,+1.041
1667949180,+3.13,+18.997, +7.521,+1.040
1667949480,+3.13,+18.971, +7.535,+1.041
1667949780,+3.12,+18.963, +7.493,+1.041
1667950080,+3.12,+18.963, +7.463,+1.041
1667950380,+3.12,+18.938, +7.462,+1.041
1667950680,+3.12,+18.963, +7.465,+1.043
1667950980,+3.12,+18.971, +7.421,+1.040
1667951280,+3.12,+18.980, +7.448,+1.042
1667951580,+3.12,+18.971, +7.457,+1.041
1667951880,+3.12,+18.963, +7.455,+1.041
1667952180,+3.12,+18.955, +7.450,+1.042
1667952480,+3.13,+18.955, +7.427,+1.042
1667952780,+3.12,+18.963, +7.436,+1.042
1667953080,+3.13,+18.963, +7.444,+1.042
1667953380,+3.12,+18.955, +7.446,+1.042
1667953680,+3.12,+18.963, +7.438,+1.041
1667953980,+3.12,+18.946, +7.458,+1.042
1667954280,+3.12,+18.938, +7.451,+1.041
1667954580,+3.13,+18.963, +7.425,+1.041
1667954880,+3.12,+18.963, +7.415,+1.041
1667955180,+3.12,+18.980, +7.366,+1.041
1667955480,+3.12,+18.988, +7.393,+1.041
1667955780,+3.12,+18.988, +7.400,+1.042
1667956080,+3.12,+18.963, +7.381,+1.041
1667956380,+3.13,+18.980, +7.387,+1.042
1667956680,+3.13,+18.955, +7.392,+1.042
1667956980,+3.12,+18.980, +7.386,+1.041
1667957280,+3.13,+18.988, +7.391,+1.042
1667957580,+3.12,+18.963, +7.379,+1.041
1667957880,+3.12,+18.955, +7.361,+1.040
1667958180,+3.12,+18.963, +7.370,+1.040
1667958480,+3.12,+18.988, +7.393,+1.041
1667958780,+3.13,+18.980, +7.418,+1.041
1667959080,+3.12,+18.980, +7.463,+1.041
1667959380,+3.12,+18.963, +7.483,+1.041
1667959680,+3.13,+18.971, +7.477,+1.041
1667959980,+3.12,+18.971, +7.462,+1.041
1667960280,+3.13,+18.988, +7.450,+1.041
1667960580,+3.13,+19.022, +7.431,+1.041
1667960880,+3.12,+19.047, +7.399,+1.041
1667961180,+3.13,+19.089, +7.378,+1.041
1667961480,+3.13,+19.106, +7.355,+1.041
1667961780,+3.13,+19.098, +7.333,+1.041
1667962080,+3.13,+19.064, +7.337,+1.042
1667962380,+3.12,+19.081, +7.331,+1.041
1667962680,+3.13,+19.089, +7.378,+1.042
1667962980,+3.13,+19.081, +7.362,+1.042
1667963280,+3.13,+19.056, +7.383,+1.042
1667963580,+3.13,+19.073, +7.399,+1.041
1667963880,+3.13,+19.073, +7.363,+1.040
1667964180,+3.13,+19.047, +7.386,+1.041
1667964480,+3.12,+19.115, +7.387,+1.041
1667964780,+3.13,+19.039, +7.427,+1.041
1667965080,+3.12,+19.056, +7.438,+1.041
1667965380,+3.13,+19.056, +7.440,+1.041
1667965680,+3.12,+19.064, +7.423,+1.041
1667965980,+3.12,+19.014, +7.369,+1.040
1667966280,+3.12,+18.988, +7.348,+1.040
1667966580,+3.12,+18.912, +7.297,+1.040
1667966880,+3.12,+18.879, +7.289,+1.041
1667967180,+3.12,+18.853, +7.290,+1.042
1667967480,+3.12,+18.904, +7.291,+1.042
1667967780,+3.12,+18.912, +7.314,+1.042
1667968080,+3.12,+18.921, +7.329,+1.042
1667968380,+3.12,+18.904, +7.366,+1.041
1667968680,+3.12,+18.879, +7.362,+1.041
1667968980,+3.12,+18.896, +7.340,+1.041
1667969280,+3.12,+18.896, +7.323,+1.042
1667969580,+3.12,+18.896, +7.280,+1.041
1667969880,+3.12,+18.896, +7.247,+1.041
1667970180,+3.12,+18.921, +7.243,+1.042
1667970480,+3.12,+18.946, +7.205,+1.041
1667970780,+3.12,+18.938, +7.195,+1.043
1667971080,+3.12,+18.929, +7.180,+1.041
1667971380,+3.12,+18.955, +7.184,+1.042
1667971680,+3.12,+18.963, +7.203,+1.042
1667971980,+3.12,+18.971, +7.202,+1.042
1667972280,+3.12,+18.980, +7.189,+1.041
1667972580,+3.12,+18.980, +7.183,+1.041
1667972880,+3.12,+18.971, +7.176,+1.041
1667973180,+3.12,+18.980, +7.187,+1.041
1667973480,+3.12,+18.988, +7.236,+1.042
1667973780,+3.12,+18.988, +7.267,+1.043
1667974080,+3.12,+19.005, +7.276,+1.042
1667974380,+3.12,+19.047, +7.284,+1.042
1667974680,+3.12,+19.039, +7.301,+1.041
1667974980,+3.12,+19.014, +7.324,+1.041
1667975280,+3.12,+19.056, +7.307,+1.040
1667975580,+3.12,+19.064, +7.324,+1.042
1667975880,+3.12,+19.047, +7.318,+1.042
1667976180,+3.12,+19.047, +7.353,+1.041
1667976480,+3.12,+19.064, +7.358,+1.042
1667976780,+3.12,+19.056, +7.366,+1.041
1667977080,+3.12,+19.030, +7.381,+1.041
1667977380,+3.12,+19.073, +7.396,+1.042
1667977680,+3.13,+19.064, +7.395,+1.042
1667977980,+3.12,+19.056, +7.380,+1.041
1667978280,+3.12,+19.089, +7.362,+1.041
1667978580,+3.13,+19.098, +7.334,+1.041
1667978880,+3.12,+19.081, +7.323,+1.041
1667979180,+3.12,+19.073, +7.318,+1.042
1667979480,+3.12,+19.089, +7.285,+1.041
1667979780,+3.12,+19.073, +7.281,+1.041
1667980080,+3.12,+19.106, +7.297,+1.041
1667980380,+3.12,+19.098, +7.336,+1.043
1667980680,+3.12,+19.089, +7.322,+1.042
1667980980,+3.12,+19.089, +7.297,+1.041
1667981280,+3.12,+19.106, +7.306,+1.041
1667981580,+3.12,+19.106, +7.307,+1.042
1667981880,+3.12,+19.098, +7.293,+1.042
1667982180,+3.12,+19.081, +7.336,+1.042
1667982480,+3.13,+19.098, +7.318,+1.041
1667982780,+3.12,+19.106, +7.330,+1.041
1667983080,+3.12,+19.106, +7.317,+1.041
1667983380,+3.12,+19.089, +7.342,+1.041
1667983680,+3.12,+19.064, +7.369,+1.041
1667983980,+3.12,+19.106, +7.370,+1.041
1667984280,+3.12,+19.115, +7.432,+1.042
1667984580,+3.12,+19.106, +7.440,+1.042
1667984880,+3.12,+19.081, +7.409,+1.041
1667985180,+3.12,+19.123, +7.446,+1.042
1667985480,+3.12,+19.115, +7.488,+1.042
1667985780,+3.12,+19.132, +7.481,+1.040
1667986080,+3.12,+19.140, +7.450,+1.041
1667986380,+3.12,+19.132, +7.486,+1.041
1667986680,+3.12,+19.132, +7.496,+1.042
1667986980,+3.12,+19.148, +7.494,+1.042
1667987280,+3.12,+19.157, +7.471,+1.042
1667987580,+3.12,+19.123, +7.462,+1.042
1667987880,+3.12,+19.148, +7.443,+1.042
1667988180,+3.12,+19.148, +7.409,+1.040
1667988480,+3.12,+19.132, +7.455,+1.041
1667988780,+3.12,+19.148, +7.462,+1.041
1667989080,+3.12,+19.123, +7.479,+1.042
1667989380,+3.12,+19.132, +7.448,+1.042
1667989680,+3.12,+19.098, +7.434,+1.041
1667989980,+3.12,+19.115, +7.464,+1.042
1667990280,+3.12,+19.089, +7.432,+1.041
1667990580,+3.12,+19.098, +7.439,+1.042
1667990880,+3.12,+19.106, +7.415,+1.042
1667991180,+3.12,+19.089, +7.381,+1.041
1667991480,+3.12,+19.098, +7.340,+1.041
1667991780,+3.12,+19.089, +7.335,+1.040
1667992080,+3.12,+19.106, +7.434,+1.041
1667992380,+3.12,+19.106, +7.512,+1.042
1667992680,+3.12,+19.098, +7.563,+1.041
1667992980,+3.12,+19.123, +7.544,+1.042
1667993280,+3.12,+19.132, +7.555,+1.042
1667993580,+3.12,+19.157, +7.532,+1.041
1667993880,+3.12,+19.140, +7.544,+1.042
1667994180,+3.12,+19.190, +7.521,+1.042
1667994480,+3.12,+19.249, +7.545,+1.041
1667994780,+3.12,+19.300, +7.614,+1.041
1667995080,+3.12,+19.359, +7.621,+1.042
1667995380,+3.12,+19.401, +7.619,+1.042
1667995680,+3.12,+19.367, +7.614,+1.043
1667995980,+3.12,+19.258, +7.637,+1.042
1667996280,+3.12,+19.283, +7.663,+1.041
1667996580,+3.12,+19.249, +7.656,+1.040
1667996880,+3.12,+19.207, +7.665,+1.042
1667997180,+3.12,+19.199, +7.647,+1.042
1667997480,+3.12,+19.182, +7.632,+1.041
1667997780,+3.12,+19.174, +7.595,+1.042
1667998080,+3.12,+19.190, +7.484,+1.041
1667998380,+3.12,+19.224, +7.421,+1.041
1667998680,+3.12,+19.266, +7.428,+1.042
1667998980,+3.12,+19.283, +7.396,+1.041
1667999280,+3.12,+19.325, +7.384,+1.042
1667999580,+3.12,+19.334, +7.394,+1.042
1667999880,+3.12,+19.334, +7.374,+1.040
1668000180,+3.12,+19.325, +7.404,+1.041
1668000480,+3.12,+19.392, +7.468,+1.043
1668000780,+3.12,+19.334, +7.461,+1.041
1668001080,+3.12,+19.258, +7.515,+1.041
1668001380,+3.12,+19.182, +7.555,+1.041
1668001680,+3.12,+19.165, +7.568,+1.040
1668001980,+3.12,+19.148, +7.586,+1.041
1668002280,+3.12,+19.174, +7.583,+1.042
1668002580,+3.12,+19.182, +7.566,+1.042
1668002880,+3.12,+19.207, +7.535,+1.040
1668003180,+3.12,+19.199, +7.530,+1.042
1668003480,+3.12,+19.199, +7.535,+1.042
1668003780,+3.12,+19.283, +7.541,+1.041
1668004080,+3.12,+19.325, +7.593,+1.041
1668004380,+3.12,+19.376, +7.670,+1.041
1668004680,+3.12,+19.334, +7.689,+1.041
1668004980,+3.12,+19.342, +7.705,+1.042
1668005280,+3.12,+19.325, +7.694,+1.041
1668005580,+3.12,+19.275, +7.703,+1.042
1668005880,+3.12,+19.241, +7.685,+1.042
1668006180,+3.12,+19.275, +7.641,+1.041
1668006480,+3.12,+19.258, +7.638,+1.042
1668006780,+3.12,+19.291, +7.626,+1.042
1668007080,+3.12,+19.317, +7.623,+1.042
1668007380,+3.12,+19.342, +7.592,+1.042
1668007680,+3.12,+19.300, +7.575,+1.041
1668007980,+3.12,+19.291, +7.568,+1.041
1668008280,+3.12,+19.359, +7.556,+1.041
1668008580,+3.12,+19.569, +7.703,+1.042
1668008880,+3.12,+19.628, +7.792,+1.042
1668009180,+3.12,+19.695, +7.785,+1.042
1668009480,+3.12,+19.527, +7.697,+1.040
