7392-538280
OS REV: 1.11 Sensor Cal: 1466698825
Time (sec),  BV (Volts),  T (deg C),  DO (mg/l),  Q ()
1670519460,+3.09,+21.474, +6.315,+1.043
1670519760,+3.09,+21.491, +6.249,+1.043
1670520060,+3.09,+21.575, +6.181,+1.042
1670520360,+3.09,+21.625, +6.208,+1.044
1670520660,+3.09,+21.608, +6.357,+1.044
1670520960,+3.09,+21.591, +6.398,+1.044
1670521260,+3.09,+21.600, +6.423,+1.043
1670521560,+3.09,+21.600, +6.470,+1.044
1670521860,+3.09,+21.642, +6.446,+1.043
1670522160,+3.09,+21.734, +6.473,+1.043
1670522460,+3.09,+21.834, +6.537,+1.042
1670522760,+3.09,+21.901, +6.638,+1.043
1670523060,+3.09,+21.969, +6.784,+1.043
1670523360,+3.09,+21.960, +6.981,+1.043
1670523660,+3.09,+21.952, +7.054,+1.043
1670523960,+3.09,+21.868, +7.086,+1.042
1670524260,+3.09,+21.918, +7.091,+1.043
1670524560,+3.09,+21.994, +7.100,+1.042
1670524860,+3.09,+21.969, +7.128,+1.043
1670525160,+3.09,+22.002, +7.271,+1.043
1670525460,+3.09,+21.952, +7.284,+1.042
1670525760,+3.09,+21.843, +7.216,+1.043
1670526060,+3.09,+21.801, +7.155,+1.043
1670526360,+3.09,+21.742, +7.052,+1.042
1670526660,+3.09,+21.717, +7.004,+1.043
1670526960,+3.09,+21.591, +6.916,+1.042
1670527260,+3.09,+21.558, +6.836,+1.043
1670527560,+3.09,+21.591, +6.772,+1.043
1670527860,+3.09,+21.575, +6.719,+1.043
1670528160,+3.09,+21.583, +6.664,+1.042
1670528460,+3.09,+21.558, +6.616,+1.043
1670528760,+3.09,+21.575, +6.572,+1.044
1670529060,+3.09,+21.583, +6.528,+1.043
1670529360,+3.09,+21.642, +6.491,+1.043
1670529660,+3.09,+21.558, +6.457,+1.042
1670529960,+3.09,+21.516, +6.412,+1.042
1670530260,+3.09,+21.474, +6.298,+1.043
1670530560,+3.09,+21.449, +6.246,+1.043
1670530860,+3.09,+21.441, +6.190,+1.043
1670531160,+3.09,+21.432, +6.103,+1.042
1670531460,+3.09,+21.399, +6.094,+1.043
1670531760,+3.09,+21.382, +6.084,+1.044
1670532060,+3.09,+21.399, +6.068,+1.043
1670532360,+3.09,+21.390, +6.033,+1.043
1670532660,+3.09,+21.315, +6.030,+1.044
1670532960,+3.09,+21.298, +5.987,+1.043
1670533260,+3.09,+21.348, +5.945,+1.043
1670533560,+3.09,+21.390, +5.895,+1.044
1670533860,+3.09,+21.390, +5.857,+1.044
1670534160,+3.09,+21.390, +5.812,+1.043
1670534460,+3.09,+21.332, +5.814,+1.043
1670534760,+3.09,+21.273, +5.795,+1.043
1670535060,+3.09,+21.223, +5.765,+1.043
1670535360,+3.09,+21.239, +5.675,+1.043
1670535660,+3.09,+21.181, +5.624,+1.043
1670535960,+3.09,+21.139, +5.571,+1.042
1670536260,+3.09,+21.097, +5.469,+1.043
1670536560,+3.09,+21.088, +5.424,+1.043
1670536860,+3.09,+21.114, +5.382,+1.043
1670537160,+3.09,+21.147, +5.347,+1.043
1670537460,+3.09,+21.130, +5.336,+1.043
1670537760,+3.09,+21.156, +5.345,+1.044
1670538060,+3.09,+21.139, +5.338,+1.044
1670538360,+3.09,+21.130, +5.257,+1.043
1670538660,+3.09,+21.114, +5.261,+1.044
1670538960,+3.09,+21.122, +5.259,+1.044
1670539260,+3.09,+21.130, +5.231,+1.043
1670539560,+3.09,+21.114, +5.224,+1.043
1670539860,+3.09,+21.122, +5.217,+1.044
1670540160,+3.09,+21.130, +5.261,+1.045
1670540460,+3.09,+21.147, +5.375,+1.044
1670540760,+3.09,+21.164, +5.378,+1.043
1670541060,+3.09,+21.122, +5.365,+1.044
1670541360,+3.09,+21.088, +5.275,+1.043
1670541660,+3.09,+21.156, +5.205,+1.044
1670541960,+3.09,+21.130, +5.203,+1.044
1670542260,+3.09,+21.164, +5.181,+1.043
1670542560,+3.09,+21.156, +5.165,+1.044
1670542860,+3.09,+21.156, +5.145,+1.043
1670543160,+3.09,+21.147, +5.146,+1.042
1670543460,+3.09,+21.181, +5.137,+1.043
1670543760,+3.09,+21.239, +5.144,+1.044
1670544060,+3.09,+21.298, +5.264,+1.043
1670544360,+3.09,+21.382, +5.515,+1.043
1670544660,+3.09,+21.449, +5.651,+1.044
1670544960,+3.09,+21.474, +5.710,+1.042
1670545260,+3.09,+21.549, +5.914,+1.044
1670545560,+3.09,+21.549, +6.070,+1.043
1670545860,+3.09,+21.566, +6.156,+1.043
1670546160,+3.09,+21.591, +6.171,+1.044
1670546460,+3.09,+21.608, +6.163,+1.043
1670546760,+3.09,+21.633, +6.130,+1.043
1670547060,+3.09,+21.692, +6.426,+1.044
1670547360,+3.09,+21.725, +6.565,+1.042
1670547660,+3.09,+21.742, +6.638,+1.044
1670547960,+3.09,+21.751, +6.674,+1.042
1670548260,+3.09,+21.759, +6.741,+1.044
1670548560,+3.09,+21.751, +6.786,+1.043
1670548860,+3.09,+21.767, +6.865,+1.043
1670549160,+3.09,+21.860, +7.107,+1.044
1670549460,+3.09,+21.860, +7.304,+1.044
1670549760,+3.09,+21.918, +7.365,+1.044
1670550060,+3.09,+21.901, +7.350,+1.043
1670550360,+3.09,+21.952, +7.364,+1.043
1670550660,+3.09,+21.901, +7.362,+1.043
1670550960,+3.09,+21.600, +7.126,+1.041
1670551260,+3.09,+21.432, +6.723,+1.042
1670551560,+3.09,+21.348, +6.517,+1.042
1670551860,+3.09,+21.264, +6.372,+1.043
1670552160,+3.09,+21.122, +6.093,+1.044
1670552460,+3.09,+21.055, +5.802,+1.043
1670552760,+3.09,+21.005, +5.606,+1.042
1670553060,+3.09,+20.996, +5.500,+1.042
1670553360,+3.09,+21.164, +5.435,+1.044
1670553660,+3.09,+21.273, +5.529,+1.043
1670553960,+3.09,+21.373, +5.638,+1.043
1670554260,+3.09,+21.348, +5.877,+1.043
1670554560,+3.09,+21.399, +5.905,+1.044
1670554860,+3.09,+21.373, +5.925,+1.043
1670555160,+3.09,+21.399, +5.931,+1.043
1670555460,+3.09,+21.457, +5.893,+1.043
1670555760,+3.09,+21.491, +5.882,+1.043
1670556060,+3.09,+21.583, +5.915,+1.043
1670556360,+3.09,+21.591, +6.009,+1.043
1670556660,+3.09,+21.591, +6.246,+1.043
1670556960,+3.09,+21.600, +6.282,+1.042
1670557260,+3.09,+21.591, +6.312,+1.044
1670557560,+3.09,+21.625, +6.296,+1.044
1670557860,+3.09,+21.633, +6.278,+1.043
1670558160,+3.09,+21.658, +6.291,+1.042
1670558460,+3.09,+21.675, +6.315,+1.043
1670558760,+3.09,+21.642, +6.329,+1.042
1670559060,+3.09,+21.608, +6.345,+1.043
1670559360,+3.09,+21.608, +6.368,+1.044
1670559660,+3.09,+21.633, +6.366,+1.044
1670559960,+3.09,+21.675, +6.383,+1.043
1670560260,+3.09,+21.684, +6.472,+1.044
1670560560,+3.09,+21.667, +6.523,+1.042
1670560860,+3.09,+21.650, +6.540,+1.043
1670561160,+3.09,+21.633, +6.517,+1.043
1670561460,+3.09,+21.591, +6.496,+1.043
1670561760,+3.09,+21.575, +6.437,+1.044
1670562060,+3.09,+21.575, +6.376,+1.043
1670562360,+3.09,+21.575, +6.329,+1.043
1670562660,+3.09,+21.533, +6.286,+1.043
1670562960,+3.09,+21.533, +6.247,+1.043
1670563260,+3.09,+21.549, +6.199,+1.043
1670563560,+3.09,+21.516, +6.149,+1.043
1670563860,+3.09,+21.466, +6.138,+1.043
1670564160,+3.09,+21.457, +6.113,+1.042
1670564460,+3.09,+21.491, +6.093,+1.044
1670564760,+3.09,+21.516, +6.048,+1.043
1670565060,+3.09,+21.516, +6.023,+1.043
1670565360,+3.09,+21.474, +6.016,+1.043
1670565660,+3.09,+21.441, +6.005,+1.044
1670565960,+3.09,+21.424, +5.999,+1.045
1670566260,+3.09,+21.415, +5.962,+1.044
1670566560,+3.09,+21.432, +5.954,+1.043
1670566860,+3.09,+21.424, +5.959,+1.043
1670567160,+3.09,+21.457, +5.968,+1.044
1670567460,+3.09,+21.441, +5.938,+1.043
1670567760,+3.09,+21.457, +5.936,+1.044
1670568060,+3.09,+21.491, +5.926,+1.043
1670568360,+3.09,+21.516, +5.936,+1.044
1670568660,+3.09,+21.491, +5.951,+1.044
1670568960,+3.09,+21.524, +5.910,+1.042
1670569260,+3.09,+21.516, +5.919,+1.043
1670569560,+3.09,+21.508, +5.891,+1.043
1670569860,+3.09,+21.499, +5.902,+1.043
1670570160,+3.09,+21.482, +5.947,+1.042
1670570460,+3.09,+21.508, +6.004,+1.044
1670570760,+3.09,+21.499, +5.974,+1.042
1670571060,+3.09,+21.415, +5.964,+1.043
1670571360,+3.09,+21.373, +5.915,+1.042
1670571660,+3.09,+21.357, +5.905,+1.043
1670571960,+3.09,+21.373, +5.880,+1.043
1670572260,+3.09,+21.357, +5.833,+1.043
1670572560,+3.09,+21.348, +5.804,+1.043
1670572860,+3.09,+21.298, +5.773,+1.042
1670573160,+3.09,+21.315, +5.735,+1.042
1670573460,+3.09,+21.315, +5.699,+1.043
1670573760,+3.09,+21.348, +5.653,+1.043
1670574060,+3.09,+21.323, +5.629,+1.043
1670574360,+3.09,+21.323, +5.600,+1.043
1670574660,+3.09,+21.332, +5.574,+1.043
1670574960,+3.09,+21.348, +5.536,+1.043
1670575260,+3.09,+21.315, +5.587,+1.044
1670575560,+3.09,+21.281, +5.569,+1.043
1670575860,+3.09,+21.248, +5.500,+1.042
1670576160,+3.09,+21.248, +5.472,+1.043
1670576460,+3.09,+21.248, +5.491,+1.043
1670576760,+3.09,+21.248, +5.499,+1.044
1670577060,+3.09,+21.206, +5.476,+1.043
1670577360,+3.09,+21.189, +5.387,+1.042
1670577660,+3.09,+21.206, +5.341,+1.043
1670577960,+3.09,+21.214, +5.320,+1.044
1670578260,+3.09,+21.206, +5.292,+1.042
1670578560,+3.09,+21.239, +5.287,+1.044
1670578860,+3.09,+21.239, +5.292,+1.043
1670579160,+3.09,+21.248, +5.323,+1.044
1670579460,+3.09,+21.231, +5.302,+1.042
1670579760,+3.09,+21.206, +5.315,+1.042
1670580060,+3.09,+21.206, +5.288,+1.044
1670580360,+3.09,+21.214, +5.278,+1.042
1670580660,+3.09,+21.239, +5.322,+1.044
1670580960,+3.09,+21.231, +5.355,+1.043
1670581260,+3.09,+21.214, +5.385,+1.043
1670581560,+3.09,+21.256, +5.384,+1.043
1670581860,+3.09,+21.248, +5.427,+1.042
1670582160,+3.09,+21.248, +5.454,+1.043
1670582460,+3.09,+21.248, +5.491,+1.043
1670582760,+3.09,+21.281, +5.526,+1.043
1670583060,+3.09,+21.298, +5.579,+1.043
1670583360,+3.09,+21.315, +5.614,+1.044
1670583660,+3.09,+21.357, +5.633,+1.043
1670583960,+3.09,+21.390, +5.662,+1.043
1670584260,+3.09,+21.399, +5.676,+1.042
1670584560,+3.09,+21.415, +5.717,+1.042
1670584860,+3.09,+21.407, +5.799,+1.043
1670585160,+3.09,+21.441, +5.836,+1.043
1670585460,+3.09,+21.441, +5.846,+1.043
1670585760,+3.09,+21.415, +5.895,+1.043
1670586060,+3.09,+21.466, +5.948,+1.044
1670586360,+3.09,+21.508, +6.031,+1.044
1670586660,+3.09,+21.541, +6.073,+1.043
1670586960,+3.09,+21.575, +6.125,+1.044
1670587260,+3.09,+21.533, +6.106,+1.042
1670587560,+3.09,+21.482, +6.066,+1.042
1670587860,+3.09,+21.482, +6.015,+1.043
1670588160,+3.09,+21.466, +5.937,+1.043
1670588460,+3.09,+21.432, +5.868,+1.044
1670588760,+3.09,+21.407, +5.870,+1.043
1670589060,+3.09,+21.441, +5.947,+1.043
1670589360,+3.09,+21.432, +5.978,+1.043
1670589660,+3.09,+21.432, +5.921,+1.043
1670589960,+3.09,+21.474, +5.879,+1.043
1670590260,+3.09,+21.491, +5.903,+1.044
1670590560,+3.09,+21.516, +5.949,+1.043
1670590860,+3.09,+21.524, +5.999,+1.043
1670591160,+3.09,+21.516, +6.037,+1.043
1670591460,+3.09,+21.583, +6.035,+1.042
1670591760,+3.09,+21.583, +6.100,+1.042
1670592060,+3.09,+21.583, +6.154,+1.043
1670592360,+3.09,+21.583, +6.145,+1.043
1670592660,+3.09,+21.625, +6.163,+1.043
1670592960,+3.09,+21.617, +6.222,+1.043
1670593260,+3.09,+21.633, +6.235,+1.043
1670593560,+3.09,+21.667, +6.250,+1.043
1670593860,+3.09,+21.692, +6.286,+1.043
1670594160,+3.09,+21.700, +6.296,+1.043
1670594460,+3.09,+21.717, +6.337,+1.043
1670594760,+3.09,+21.717, +6.352,+1.043
1670595060,+3.09,+21.717, +6.361,+1.043
1670595360,+3.09,+21.650, +6.348,+1.043
1670595660,+3.09,+21.608, +6.319,+1.043
1670595960,+3.09,+21.533, +6.182,+1.044
1670596260,+3.09,+21.516, +6.091,+1.042
1670596560,+3.09,+21.524, +6.062,+1.043
1670596860,+3.09,+21.541, +6.035,+1.043
1670597160,+3.09,+21.533, +5.997,+1.043
1670597460,+3.09,+21.583, +5.938,+1.043
1670597760,+3.09,+21.558, +5.971,+1.043
1670598060,+3.09,+21.533, +5.984,+1.042
1670598360,+3.09,+21.583, +5.979,+1.043
1670598660,+3.09,+21.600, +5.970,+1.042
1670598960,+3.09,+21.583, +5.947,+1.042
1670599260,+3.09,+21.591, +5.950,+1.044
1670599560,+3.09,+21.608, +5.922,+1.043
1670599860,+3.09,+21.600, +5.907,+1.044
1670600160,+3.09,+21.617, +5.889,+1.043
1670600460,+3.09,+21.642, +5.970,+1.043
1670600760,+3.09,+21.650, +6.133,+1.043
1670601060,+3.09,+21.684, +6.202,+1.043
1670601360,+3.09,+21.725, +6.253,+1.043
1670601660,+3.09,+21.717, +6.278,+1.043
1670601960,+3.09,+21.725, +6.285,+1.042
1670602260,+3.09,+21.734, +6.311,+1.043
1670602560,+3.08,+21.742, +6.326,+1.042
1670602860,+3.09,+21.767, +6.359,+1.044
1670603160,+3.09,+21.759, +6.353,+1.044
1670603460,+3.09,+21.742, +6.349,+1.043
1670603760,+3.09,+21.759, +6.362,+1.044
1670604060,+3.09,+21.784, +6.345,+1.044
1670604360,+3.09,+21.776, +6.301,+1.042
1670604660,+3.09,+21.776, +6.273,+1.042
1670604960,+3.09,+21.809, +6.297,+1.043
1670605260,+3.09,+21.826, +6.352,+1.043
1670605560,+3.09,+21.826, +6.416,+1.043
1670605860,+3.09,+21.809, +6.435,+1.043
