7392-538280
OS REV: 1.11 Sensor Cal: 1466698825
Time (sec),  BV (Volts),  T (deg C),  DO (mg/l),  Q ()
1671039660,+3.08,+21.751, +5.003,+1.043
1671039960,+3.08,+21.751, +4.994,+1.043
1671040260,+3.08,+21.742, +4.986,+1.043
1671040560,+3.08,+21.759, +4.957,+1.044
1671040860,+3.08,+21.759, +4.937,+1.043
1671041160,+3.08,+21.751, +4.937,+1.043
1671041460,+3.08,+21.793, +4.921,+1.044
1671041760,+3.08,+21.860, +4.933,+1.044
1671042060,+3.08,+21.826, +5.020,+1.044
1671042360,+3.08,+21.818, +5.042,+1.044
1671042660,+3.08,+21.834, +5.047,+1.044
1671042960,+3.08,+21.834, +5.077,+1.043
1671043260,+3.08,+21.851, +5.124,+1.043
1671043560,+3.08,+21.834, +5.163,+1.044
1671043860,+3.08,+21.834, +5.171,+1.043
1671044160,+3.08,+21.843, +5.215,+1.043
1671044460,+3.08,+21.826, +5.245,+1.043
1671044760,+3.08,+21.801, +5.258,+1.042
1671045060,+3.08,+21.818, +5.257,+1.043
1671045360,+3.08,+21.818, +5.267,+1.043
1671045660,+3.08,+21.834, +5.286,+1.043
1671045960,+3.08,+21.826, +5.303,+1.043
1671046260,+3.08,+21.818, +5.332,+1.043
1671046560,+3.08,+21.818, +5.330,+1.043
1671046860,+3.08,+21.801, +5.277,+1.043
1671047160,+3.08,+21.784, +5.195,+1.043
1671047460,+3.08,+21.793, +5.135,+1.044
1671047760,+3.08,+21.809, +5.117,+1.043
1671048060,+3.08,+21.826, +5.161,+1.044
1671048360,+3.08,+21.818, +5.211,+1.043
1671048660,+3.08,+21.851, +5.222,+1.043
1671048960,+3.08,+21.876, +5.216,+1.043
1671049260,+3.08,+21.885, +5.221,+1.042
1671049560,+3.08,+21.876, +5.203,+1.043
1671049860,+3.08,+21.893, +5.203,+1.044
1671050160,+3.08,+21.910, +5.245,+1.043
1671050460,+3.08,+21.943, +5.244,+1.043
1671050760,+3.08,+21.935, +5.248,+1.043
1671051060,+3.08,+21.994, +5.279,+1.043
1671051360,+3.08,+22.052, +5.406,+1.043
1671051660,+3.08,+22.044, +5.505,+1.044
1671051960,+3.08,+21.969, +5.580,+1.044
1671052260,+3.08,+21.969, +5.598,+1.043
1671052560,+3.08,+21.985, +5.607,+1.044
1671052860,+3.08,+22.010, +5.692,+1.043
1671053160,+3.08,+21.994, +5.759,+1.043
1671053460,+3.08,+22.002, +5.744,+1.044
1671053760,+3.08,+22.027, +5.783,+1.045
1671054060,+3.08,+22.052, +5.792,+1.043
1671054360,+3.08,+22.019, +5.814,+1.043
1671054660,+3.08,+22.019, +5.784,+1.043
1671054960,+3.08,+22.044, +5.738,+1.043
1671055260,+3.08,+22.019, +5.788,+1.043
1671055560,+3.08,+21.985, +5.838,+1.044
1671055860,+3.08,+21.985, +5.838,+1.043
1671056160,+3.08,+21.994, +5.827,+1.043
1671056460,+3.08,+21.952, +5.818,+1.042
1671056760,+3.08,+21.969, +5.790,+1.043
1671057060,+3.08,+21.960, +5.776,+1.043
1671057360,+3.08,+21.935, +5.796,+1.044
1671057660,+3.08,+21.943, +5.774,+1.043
1671057960,+3.08,+21.935, +5.754,+1.043
1671058260,+3.08,+21.918, +5.724,+1.044
1671058560,+3.08,+21.910, +5.692,+1.044
1671058860,+3.08,+21.960, +5.680,+1.044
1671059160,+3.08,+21.960, +5.704,+1.044
1671059460,+3.08,+21.943, +5.710,+1.043
1671059760,+3.08,+21.960, +5.667,+1.042
1671060060,+3.08,+21.910, +5.628,+1.043
1671060360,+3.08,+21.910, +5.563,+1.042
1671060660,+3.08,+21.868, +5.533,+1.042
1671060960,+3.08,+21.818, +5.498,+1.042
1671061260,+3.08,+21.818, +5.500,+1.043
1671061560,+3.08,+21.826, +5.476,+1.043
1671061860,+3.08,+21.809, +5.459,+1.044
1671062160,+3.08,+21.776, +5.452,+1.043
1671062460,+3.08,+21.767, +5.425,+1.042
1671062760,+3.08,+21.751, +5.434,+1.043
1671063060,+3.08,+21.751, +5.423,+1.044
1671063360,+3.08,+21.742, +5.428,+1.043
1671063660,+3.08,+21.742, +5.443,+1.042
1671063960,+3.08,+21.717, +5.488,+1.044
1671064260,+3.08,+21.725, +5.504,+1.044
1671064560,+3.08,+21.692, +5.489,+1.043
1671064860,+3.08,+21.709, +5.500,+1.044
1671065160,+3.08,+21.700, +5.549,+1.042
1671065460,+3.08,+21.700, +5.578,+1.043
1671065760,+3.08,+21.684, +5.580,+1.042
1671066060,+3.08,+21.709, +5.572,+1.043
1671066360,+3.08,+21.692, +5.559,+1.043
1671066660,+3.08,+21.717, +5.537,+1.043
1671066960,+3.08,+21.717, +5.536,+1.043
1671067260,+3.08,+21.700, +5.563,+1.044
1671067560,+3.08,+21.700, +5.561,+1.044
1671067860,+3.08,+21.692, +5.534,+1.042
1671068160,+3.08,+21.692, +5.549,+1.043
1671068460,+3.08,+21.717, +5.538,+1.043
1671068760,+3.08,+21.717, +5.525,+1.043
1671069060,+3.08,+21.725, +5.509,+1.043
1671069360,+3.08,+21.734, +5.501,+1.043
1671069660,+3.08,+21.759, +5.499,+1.043
1671069960,+3.08,+21.742, +5.526,+1.043
1671070260,+3.08,+21.767, +5.569,+1.045
1671070560,+3.08,+21.776, +5.572,+1.043
1671070860,+3.08,+21.793, +5.589,+1.043
1671071160,+3.08,+21.776, +5.600,+1.043
1671071460,+3.08,+21.759, +5.616,+1.043
1671071760,+3.08,+21.784, +5.615,+1.043
1671072060,+3.08,+21.801, +5.627,+1.043
1671072360,+3.08,+21.793, +5.694,+1.043
1671072660,+3.08,+21.767, +5.752,+1.044
1671072960,+3.08,+21.801, +5.738,+1.043
1671073260,+3.08,+21.851, +5.733,+1.044
1671073560,+3.08,+21.843, +5.754,+1.044
1671073860,+3.08,+21.818, +5.777,+1.042
1671074160,+3.08,+21.851, +5.807,+1.044
1671074460,+3.08,+21.868, +5.812,+1.042
1671074760,+3.08,+21.851, +5.872,+1.042
1671075060,+3.08,+21.876, +5.921,+1.044
1671075360,+3.08,+21.868, +5.909,+1.042
1671075660,+3.08,+21.843, +5.905,+1.043
1671075960,+3.08,+21.885, +5.868,+1.043
1671076260,+3.08,+21.876, +5.869,+1.044
1671076560,+3.08,+21.860, +5.850,+1.044
1671076860,+3.08,+21.851, +5.768,+1.043
1671077160,+3.08,+21.860, +5.680,+1.042
1671077460,+3.08,+21.876, +5.580,+1.042
1671077760,+3.08,+21.826, +5.371,+1.043
1671078060,+3.08,+21.658, +5.396,+1.042
1671078360,+3.08,+21.499, +5.385,+1.042
1671078660,+3.08,+21.415, +5.202,+1.042
1671078960,+3.08,+21.323, +4.968,+1.043
1671079260,+3.08,+21.373, +4.793,+1.042
1671079560,+3.08,+21.449, +4.623,+1.043
1671079860,+3.08,+21.533, +4.669,+1.043
1671080160,+3.08,+21.566, +4.724,+1.043
1671080460,+3.08,+21.600, +4.560,+1.044
1671080760,+3.08,+21.692, +4.757,+1.043
1671081060,+3.08,+21.742, +4.995,+1.044
1671081360,+3.08,+21.751, +5.161,+1.044
1671081660,+3.08,+21.734, +5.288,+1.043
1671081960,+3.08,+21.734, +5.358,+1.043
1671082260,+3.08,+21.793, +5.376,+1.043
1671082560,+3.08,+21.834, +5.423,+1.043
1671082860,+3.08,+21.793, +5.456,+1.043
1671083160,+3.08,+21.876, +5.487,+1.044
1671083460,+3.08,+21.876, +5.534,+1.043
1671083760,+3.08,+21.868, +5.579,+1.044
1671084060,+3.08,+21.860, +5.602,+1.043
1671084360,+3.08,+21.868, +5.627,+1.043
1671084660,+3.08,+21.885, +5.673,+1.043
1671084960,+3.08,+21.868, +5.695,+1.043
1671085260,+3.08,+21.885, +5.710,+1.044
1671085560,+3.08,+21.868, +5.719,+1.043
1671085860,+3.08,+21.901, +5.730,+1.044
1671086160,+3.08,+21.901, +5.747,+1.044
1671086460,+3.08,+21.927, +5.741,+1.043
1671086760,+3.08,+21.910, +5.770,+1.043
1671087060,+3.08,+21.918, +5.774,+1.043
1671087360,+3.08,+21.943, +5.792,+1.043
1671087660,+3.08,+21.910, +5.822,+1.043
1671087960,+3.08,+21.927, +5.813,+1.043
1671088260,+3.08,+21.960, +5.805,+1.043
1671088560,+3.08,+21.935, +5.814,+1.043
1671088860,+3.08,+21.943, +5.818,+1.043
1671089160,+3.08,+21.943, +5.830,+1.043
1671089460,+3.08,+21.893, +5.853,+1.044
1671089760,+3.08,+21.893, +5.846,+1.043
1671090060,+3.08,+21.918, +5.849,+1.043
1671090360,+3.08,+21.885, +5.852,+1.043
1671090660,+3.08,+21.885, +5.845,+1.042
1671090960,+3.08,+21.943, +5.833,+1.043
1671091260,+3.08,+21.935, +5.838,+1.044
1671091560,+3.08,+21.960, +5.853,+1.043
1671091860,+3.08,+21.969, +5.877,+1.043
1671092160,+3.08,+22.002, +5.876,+1.043
1671092460,+3.08,+22.052, +5.918,+1.044
1671092760,+3.08,+22.044, +5.947,+1.042
1671093060,+3.08,+22.069, +5.967,+1.043
1671093360,+3.08,+22.103, +5.980,+1.044
1671093660,+3.08,+22.103, +5.978,+1.042
1671093960,+3.08,+22.094, +5.996,+1.044
1671094260,+3.08,+22.069, +5.976,+1.043
1671094560,+3.08,+22.111, +5.945,+1.043
1671094860,+3.08,+22.136, +6.044,+1.043
1671095160,+3.08,+22.178, +6.128,+1.043
1671095460,+3.08,+22.153, +6.169,+1.044
1671095760,+3.08,+22.212, +6.163,+1.043
1671096060,+3.08,+22.212, +6.187,+1.043
1671096360,+3.08,+22.212, +6.215,+1.043
1671096660,+3.08,+22.237, +6.221,+1.043
1671096960,+3.08,+22.212, +6.213,+1.042
1671097260,+3.08,+22.195, +6.208,+1.044
1671097560,+3.08,+22.153, +6.141,+1.042
1671097860,+3.08,+22.178, +6.115,+1.044
1671098160,+3.08,+22.119, +6.096,+1.045
1671098460,+3.08,+22.103, +6.062,+1.043
1671098760,+3.08,+22.136, +6.033,+1.043
1671099060,+3.08,+22.145, +6.032,+1.043
1671099360,+3.08,+22.119, +6.035,+1.044
1671099660,+3.08,+22.111, +6.025,+1.044
1671099960,+3.08,+22.044, +6.017,+1.043
1671100260,+3.08,+22.069, +5.988,+1.042
1671100560,+3.08,+22.153, +5.982,+1.044
1671100860,+3.08,+22.145, +5.979,+1.042
1671101160,+3.08,+22.086, +5.979,+1.042
1671101460,+3.08,+22.094, +5.988,+1.044
1671101760,+3.08,+22.111, +5.967,+1.043
1671102060,+3.08,+22.145, +5.967,+1.043
1671102360,+3.08,+22.128, +5.979,+1.044
1671102660,+3.08,+22.086, +5.991,+1.043
1671102960,+3.08,+22.103, +6.000,+1.044
1671103260,+3.08,+22.077, +6.025,+1.042
1671103560,+3.08,+22.019, +6.038,+1.041
1671103860,+3.08,+22.061, +6.035,+1.043
1671104160,+3.08,+22.061, +6.024,+1.043
1671104460,+3.08,+22.069, +5.991,+1.043
1671104760,+3.08,+22.052, +5.995,+1.043
1671105060,+3.08,+22.036, +5.994,+1.043
1671105360,+3.08,+21.994, +5.994,+1.043
1671105660,+3.08,+22.027, +5.986,+1.043
1671105960,+3.08,+22.052, +5.966,+1.043
1671106260,+3.08,+22.077, +5.951,+1.043
1671106560,+3.08,+22.103, +5.927,+1.043
1671106860,+3.08,+22.153, +5.932,+1.044
1671107160,+3.08,+22.161, +5.943,+1.043
1671107460,+3.08,+22.161, +5.941,+1.043
1671107760,+3.08,+22.178, +5.927,+1.042
1671108060,+3.08,+22.262, +5.961,+1.043
1671108360,+3.08,+22.354, +6.123,+1.045
1671108660,+3.08,+22.455, +6.241,+1.044
1671108960,+3.08,+22.631, +6.257,+1.045
1671109260,+3.08,+22.723, +6.240,+1.044
1671109560,+3.08,+22.849, +6.231,+1.043
1671109860,+3.08,+22.832, +6.276,+1.044
1671110160,+3.08,+22.555, +6.262,+1.041
1671110460,+3.08,+22.220, +6.272,+1.042
1671110760,+3.08,+22.153, +6.258,+1.043
1671111060,+3.08,+22.136, +6.211,+1.042
1671111360,+3.08,+22.153, +6.224,+1.044
1671111660,+3.08,+22.178, +6.230,+1.043
1671111960,+3.08,+22.237, +6.221,+1.043
1671112260,+3.08,+22.212, +6.235,+1.043
1671112560,+3.08,+22.329, +6.237,+1.044
1671112860,+3.08,+22.337, +6.207,+1.043
1671113160,+3.08,+22.539, +6.163,+1.043
1671113460,+3.08,+23.067, +6.541,+1.044
1671113760,+3.08,+23.268, +6.832,+1.044
1671114060,+3.08,+23.151, +6.837,+1.043
1671114360,+3.08,+23.260, +6.755,+1.043
1671114660,+3.08,+23.302, +6.864,+1.045
1671114960,+3.08,+23.411, +7.030,+1.044
1671115260,+3.08,+23.444, +7.061,+1.045
1671115560,+3.08,+23.444, +7.063,+1.044
1671115860,+3.08,+23.033, +7.040,+1.041
1671116160,+3.08,+22.773, +6.743,+1.041
1671116460,+3.08,+23.075, +6.565,+1.043
1671116760,+3.08,+22.530, +6.654,+1.042
1671117060,+3.08,+22.195, +6.523,+1.042
1671117360,+3.08,+22.178, +6.409,+1.043
1671117660,+3.08,+22.321, +6.379,+1.045
1671117960,+3.08,+22.840, +6.568,+1.044
1671118260,+3.08,+23.033, +6.887,+1.044
1671118560,+3.08,+23.167, +6.971,+1.044
1671118860,+3.08,+23.260, +7.119,+1.044
1671119160,+3.08,+23.201, +7.160,+1.043
1671119460,+3.08,+23.184, +7.124,+1.044
1671119760,+3.08,+23.000, +7.002,+1.042
1671120060,+3.08,+22.396, +6.642,+1.042
1671120360,+3.08,+22.237, +6.471,+1.043
1671120660,+3.08,+22.203, +6.399,+1.043
1671120960,+3.08,+22.228, +6.343,+1.043
1671121260,+3.08,+22.186, +6.317,+1.043
1671121560,+3.08,+22.170, +6.274,+1.043
1671121860,+3.08,+22.145, +6.240,+1.043
1671122160,+3.08,+22.228, +6.221,+1.044
1671122460,+3.08,+22.220, +6.187,+1.043
1671122760,+3.08,+22.346, +6.141,+1.044
1671123060,+3.08,+22.555, +6.345,+1.044
1671123360,+3.08,+22.463, +6.483,+1.043
1671123660,+3.08,+22.304, +6.464,+1.043
1671123960,+3.08,+22.203, +6.390,+1.043
1671124260,+3.08,+22.145, +6.330,+1.042
1671124560,+3.08,+22.111, +6.296,+1.043
1671124860,+3.08,+22.019, +6.203,+1.042
1671125160,+3.08,+21.927, +6.143,+1.043
1671125460,+3.08,+21.960, +6.090,+1.043
1671125760,+3.08,+22.027, +6.040,+1.043
1671126060,+3.08,+22.077, +6.027,+1.044
