7392-538280
OS REV: 1.11 Sensor Cal: 1466698825
Time (sec),  BV (Volts),  T (deg C),  DO (mg/l),  Q ()
1670866260,+3.09,+22.497, +7.099,+1.043
1670866560,+3.09,+22.572, +7.182,+1.044
1670866860,+3.09,+22.337, +7.094,+1.043
1670867160,+3.09,+22.220, +6.899,+1.043
1670867460,+3.09,+22.262, +6.866,+1.043
1670867760,+3.09,+22.186, +6.838,+1.043
1670868060,+3.09,+22.195, +6.873,+1.043
1670868360,+3.08,+22.203, +6.911,+1.043
1670868660,+3.09,+22.228, +6.928,+1.044
1670868960,+3.08,+22.237, +6.932,+1.044
1670869260,+3.08,+22.262, +6.945,+1.042
1670869560,+3.08,+22.262, +6.942,+1.043
1670869860,+3.08,+22.321, +6.918,+1.043
1670870160,+3.08,+22.220, +6.943,+1.043
1670870460,+3.08,+22.220, +6.934,+1.043
1670870760,+3.08,+22.128, +6.874,+1.043
1670871060,+3.08,+22.069, +6.739,+1.042
1670871360,+3.08,+21.893, +6.602,+1.043
1670871660,+3.08,+21.725, +6.394,+1.043
1670871960,+3.08,+21.491, +6.153,+1.043
1670872260,+3.08,+21.390, +5.813,+1.042
1670872560,+3.08,+21.332, +5.305,+1.042
1670872860,+3.08,+21.348, +4.798,+1.043
1670873160,+3.08,+21.373, +4.710,+1.044
1670873460,+3.08,+21.373, +4.696,+1.043
1670873760,+3.08,+21.382, +4.636,+1.043
1670874060,+3.08,+21.382, +4.589,+1.044
1670874360,+3.09,+21.399, +4.616,+1.044
1670874660,+3.09,+21.357, +4.523,+1.044
1670874960,+3.09,+21.348, +4.462,+1.044
1670875260,+3.09,+21.457, +4.707,+1.044
1670875560,+3.09,+21.457, +4.768,+1.044
1670875860,+3.09,+21.457, +4.813,+1.044
1670876160,+3.09,+21.382, +4.777,+1.043
1670876460,+3.09,+21.407, +4.682,+1.043
1670876760,+3.09,+21.424, +4.693,+1.043
1670877060,+3.09,+21.399, +4.644,+1.043
1670877360,+3.09,+21.399, +4.608,+1.043
1670877660,+3.09,+21.415, +4.620,+1.043
1670877960,+3.09,+21.449, +4.654,+1.044
1670878260,+3.09,+21.457, +4.673,+1.044
1670878560,+3.09,+21.524, +4.672,+1.044
1670878860,+3.09,+21.533, +4.681,+1.043
1670879160,+3.09,+21.524, +4.694,+1.043
1670879460,+3.09,+21.516, +4.716,+1.043
1670879760,+3.09,+21.499, +4.743,+1.043
1670880060,+3.09,+21.508, +4.765,+1.043
1670880360,+3.09,+21.524, +4.749,+1.043
1670880660,+3.09,+21.516, +4.738,+1.044
1670880960,+3.09,+21.533, +4.714,+1.043
1670881260,+3.09,+21.566, +4.759,+1.043
1670881560,+3.09,+21.617, +4.858,+1.044
1670881860,+3.09,+21.591, +5.086,+1.043
1670882160,+3.09,+21.591, +5.103,+1.043
1670882460,+3.09,+21.633, +5.153,+1.043
1670882760,+3.09,+21.675, +5.282,+1.043
1670883060,+3.09,+21.675, +5.263,+1.043
1670883360,+3.09,+21.700, +5.388,+1.043
1670883660,+3.08,+21.784, +5.641,+1.043
1670883960,+3.09,+21.809, +5.868,+1.043
1670884260,+3.09,+21.725, +5.427,+1.043
1670884560,+3.09,+21.717, +5.472,+1.044
1670884860,+3.09,+21.684, +5.432,+1.043
1670885160,+3.09,+21.742, +5.609,+1.042
1670885460,+3.09,+21.734, +5.478,+1.044
1670885760,+3.09,+21.684, +5.462,+1.043
1670886060,+3.09,+21.684, +5.437,+1.043
1670886360,+3.09,+21.700, +5.422,+1.043
1670886660,+3.09,+21.667, +5.400,+1.044
1670886960,+3.09,+21.684, +5.364,+1.043
1670887260,+3.09,+21.692, +5.455,+1.043
1670887560,+3.09,+21.725, +5.483,+1.044
1670887860,+3.09,+21.692, +5.495,+1.044
1670888160,+3.09,+21.692, +5.482,+1.043
1670888460,+3.09,+21.709, +5.472,+1.043
1670888760,+3.09,+21.700, +5.468,+1.043
1670889060,+3.09,+21.675, +5.397,+1.043
1670889360,+3.09,+21.667, +5.315,+1.044
1670889660,+3.09,+21.667, +5.295,+1.043
1670889960,+3.09,+21.692, +5.323,+1.043
1670890260,+3.08,+21.684, +5.337,+1.044
1670890560,+3.08,+21.692, +5.317,+1.043
1670890860,+3.09,+21.734, +5.291,+1.044
1670891160,+3.09,+21.717, +5.301,+1.043
1670891460,+3.08,+21.751, +5.300,+1.044
1670891760,+3.08,+21.868, +5.511,+1.044
1670892060,+3.08,+21.969, +5.864,+1.043
1670892360,+3.08,+22.002, +6.038,+1.043
1670892660,+3.09,+22.044, +6.161,+1.043
1670892960,+3.08,+22.077, +6.350,+1.044
1670893260,+3.09,+22.052, +6.454,+1.043
1670893560,+3.08,+22.094, +6.445,+1.044
1670893860,+3.08,+22.086, +6.428,+1.043
1670894160,+3.08,+22.086, +6.439,+1.044
1670894460,+3.09,+22.111, +6.415,+1.043
1670894760,+3.08,+22.136, +6.381,+1.043
1670895060,+3.09,+22.153, +6.426,+1.043
1670895360,+3.09,+22.136, +6.479,+1.043
1670895660,+3.09,+22.128, +6.557,+1.043
1670895960,+3.08,+22.128, +6.558,+1.044
1670896260,+3.08,+22.103, +6.572,+1.044
1670896560,+3.08,+22.111, +6.533,+1.042
1670896860,+3.08,+22.069, +6.524,+1.043
1670897160,+3.08,+22.094, +6.497,+1.042
1670897460,+3.09,+22.103, +6.463,+1.042
1670897760,+3.08,+22.119, +6.413,+1.042
1670898060,+3.08,+22.145, +6.396,+1.043
1670898360,+3.08,+22.136, +6.409,+1.044
1670898660,+3.09,+22.178, +6.444,+1.043
1670898960,+3.09,+22.195, +6.490,+1.043
1670899260,+3.08,+22.153, +6.549,+1.043
1670899560,+3.08,+22.203, +6.585,+1.045
1670899860,+3.09,+22.212, +6.581,+1.043
1670900160,+3.08,+22.203, +6.586,+1.043
1670900460,+3.08,+22.220, +6.582,+1.042
1670900760,+3.09,+22.245, +6.572,+1.042
1670901060,+3.09,+22.262, +6.568,+1.042
1670901360,+3.09,+22.270, +6.584,+1.043
1670901660,+3.08,+22.295, +6.602,+1.043
1670901960,+3.08,+22.287, +6.596,+1.043
1670902260,+3.09,+22.279, +6.585,+1.042
1670902560,+3.09,+22.304, +6.647,+1.044
1670902860,+3.08,+22.304, +6.641,+1.043
1670903160,+3.09,+22.279, +6.610,+1.042
1670903460,+3.08,+22.044, +6.655,+1.043
1670903760,+3.09,+21.751, +6.456,+1.042
1670904060,+3.09,+21.541, +5.964,+1.042
1670904360,+3.09,+21.415, +5.611,+1.042
1670904660,+3.09,+21.608, +5.221,+1.044
1670904960,+3.08,+21.776, +5.276,+1.043
1670905260,+3.09,+21.985, +5.720,+1.043
1670905560,+3.09,+22.111, +6.021,+1.043
1670905860,+3.09,+22.052, +6.130,+1.043
1670906160,+3.08,+22.094, +6.188,+1.043
1670906460,+3.08,+22.111, +6.229,+1.044
1670906760,+3.09,+22.220, +6.337,+1.044
1670907060,+3.09,+22.170, +6.315,+1.042
1670907360,+3.08,+22.061, +6.380,+1.042
1670907660,+3.08,+21.960, +6.470,+1.043
1670907960,+3.09,+22.019, +6.449,+1.041
1670908260,+3.09,+21.960, +6.427,+1.043
1670908560,+3.08,+21.935, +6.352,+1.042
1670908860,+3.08,+21.927, +6.313,+1.042
1670909160,+3.08,+21.927, +6.269,+1.042
1670909460,+3.08,+21.927, +6.210,+1.043
1670909760,+3.08,+21.918, +6.173,+1.043
1670910060,+3.09,+21.834, +6.149,+1.043
1670910360,+3.09,+21.717, +6.105,+1.042
1670910660,+3.09,+21.583, +5.949,+1.043
1670910960,+3.09,+21.424, +5.644,+1.044
1670911260,+3.08,+21.365, +5.425,+1.042
1670911560,+3.08,+21.348, +5.332,+1.044
1670911860,+3.09,+21.323, +5.233,+1.043
1670912160,+3.09,+21.206, +5.135,+1.044
1670912460,+3.09,+21.139, +4.670,+1.043
1670912760,+3.09,+21.164, +4.444,+1.043
1670913060,+3.09,+21.164, +4.392,+1.043
1670913360,+3.09,+21.231, +4.366,+1.045
1670913660,+3.08,+21.248, +4.346,+1.044
1670913960,+3.08,+21.256, +4.357,+1.043
1670914260,+3.09,+21.306, +4.360,+1.044
1670914560,+3.08,+21.365, +4.445,+1.043
1670914860,+3.09,+21.399, +4.532,+1.044
1670915160,+3.09,+21.432, +4.650,+1.043
1670915460,+3.09,+21.457, +4.700,+1.043
1670915760,+3.08,+21.449, +4.810,+1.044
1670916060,+3.08,+21.441, +4.807,+1.044
1670916360,+3.08,+21.441, +4.774,+1.044
1670916660,+3.09,+21.499, +4.748,+1.043
1670916960,+3.08,+21.524, +4.744,+1.043
1670917260,+3.09,+21.608, +5.241,+1.043
1670917560,+3.08,+21.583, +5.349,+1.043
1670917860,+3.09,+21.575, +5.334,+1.044
1670918160,+3.08,+21.642, +5.274,+1.043
1670918460,+3.08,+21.742, +5.729,+1.043
1670918760,+3.08,+21.717, +5.768,+1.043
1670919060,+3.09,+21.700, +5.736,+1.043
1670919360,+3.08,+21.742, +5.709,+1.044
1670919660,+3.08,+21.767, +5.679,+1.044
1670919960,+3.09,+21.734, +5.664,+1.045
1670920260,+3.09,+21.717, +5.633,+1.043
1670920560,+3.08,+21.784, +5.622,+1.043
1670920860,+3.08,+21.860, +5.600,+1.043
1670921160,+3.09,+21.801, +5.612,+1.043
1670921460,+3.08,+21.793, +5.658,+1.043
1670921760,+3.08,+21.868, +5.681,+1.043
1670922060,+3.08,+21.860, +5.684,+1.044
1670922360,+3.08,+21.868, +5.636,+1.042
1670922660,+3.08,+21.851, +5.716,+1.042
1670922960,+3.08,+21.851, +5.857,+1.044
1670923260,+3.08,+21.843, +5.885,+1.043
1670923560,+3.08,+21.826, +5.852,+1.044
1670923860,+3.08,+21.818, +5.858,+1.044
1670924160,+3.08,+21.809, +5.851,+1.043
1670924460,+3.08,+21.826, +5.844,+1.043
1670924760,+3.08,+21.910, +5.828,+1.043
1670925060,+3.08,+21.885, +5.930,+1.042
1670925360,+3.08,+21.901, +5.924,+1.043
1670925660,+3.08,+21.960, +5.923,+1.043
1670925960,+3.08,+21.994, +5.890,+1.043
1670926260,+3.08,+21.918, +5.850,+1.043
1670926560,+3.08,+21.818, +5.805,+1.043
1670926860,+3.08,+21.784, +5.843,+1.044
1670927160,+3.08,+21.818, +5.827,+1.043
1670927460,+3.08,+21.759, +5.792,+1.044
1670927760,+3.08,+21.625, +5.676,+1.043
1670928060,+3.08,+21.667, +5.646,+1.042
1670928360,+3.08,+21.734, +5.637,+1.043
1670928660,+3.08,+21.709, +5.527,+1.042
1670928960,+3.09,+21.566, +5.394,+1.042
1670929260,+3.08,+21.533, +5.237,+1.040
1670929560,+3.08,+21.591, +5.122,+1.039
1670929860,+3.08,+21.583, +4.959,+1.039
1670930160,+3.08,+21.508, +4.645,+1.035
1670930460,+3.08,+21.508, +4.750,+1.040
1670930760,+3.08,+21.650, +4.885,+1.043
1670931060,+3.08,+21.734, +5.112,+1.043
1670931360,+3.09,+21.591, +5.247,+1.042
1670931660,+3.08,+21.583, +5.187,+1.043
1670931960,+3.08,+21.575, +5.205,+1.043
1670932260,+3.08,+21.600, +5.162,+1.043
1670932560,+3.08,+21.583, +5.095,+1.044
1670932860,+3.09,+21.516, +5.031,+1.043
1670933160,+3.08,+21.482, +4.963,+1.043
1670933460,+3.08,+21.600, +4.866,+1.043
1670933760,+3.08,+21.558, +4.842,+1.043
1670934060,+3.08,+21.541, +4.856,+1.043
1670934360,+3.08,+21.675, +4.903,+1.043
1670934660,+3.08,+21.751, +5.075,+1.044
1670934960,+3.08,+21.709, +5.196,+1.042
1670935260,+3.08,+21.625, +5.194,+1.042
1670935560,+3.08,+21.583, +5.172,+1.041
1670935860,+3.08,+21.692, +5.144,+1.043
1670936160,+3.08,+21.709, +5.136,+1.043
1670936460,+3.08,+21.776, +5.170,+1.043
1670936760,+3.08,+21.935, +5.423,+1.044
1670937060,+3.08,+22.002, +5.554,+1.044
1670937360,+3.08,+22.027, +5.638,+1.044
1670937660,+3.08,+21.901, +5.651,+1.043
1670937960,+3.08,+21.868, +5.572,+1.042
1670938260,+3.08,+21.826, +5.608,+1.043
1670938560,+3.08,+21.700, +5.584,+1.044
1670938860,+3.08,+21.617, +5.510,+1.042
1670939160,+3.08,+21.583, +5.474,+1.042
1670939460,+3.08,+21.591, +5.435,+1.044
1670939760,+3.08,+21.608, +5.341,+1.042
1670940060,+3.08,+21.583, +5.259,+1.043
1670940360,+3.08,+21.575, +5.194,+1.044
1670940660,+3.08,+21.558, +5.167,+1.043
1670940960,+3.08,+21.591, +5.160,+1.044
1670941260,+3.08,+21.549, +5.180,+1.043
1670941560,+3.08,+21.541, +5.194,+1.044
1670941860,+3.08,+21.549, +5.194,+1.043
1670942160,+3.08,+21.583, +5.218,+1.043
1670942460,+3.08,+21.625, +5.217,+1.043
1670942760,+3.08,+21.642, +5.249,+1.043
1670943060,+3.08,+21.725, +5.270,+1.043
1670943360,+3.08,+21.776, +5.326,+1.044
1670943660,+3.08,+21.818, +5.347,+1.043
1670943960,+3.08,+21.834, +5.371,+1.044
1670944260,+3.08,+21.834, +5.433,+1.043
1670944560,+3.08,+21.851, +5.507,+1.044
1670944860,+3.08,+21.910, +5.503,+1.043
1670945160,+3.08,+21.918, +5.528,+1.044
1670945460,+3.08,+21.860, +5.542,+1.043
1670945760,+3.08,+21.834, +5.565,+1.043
1670946060,+3.08,+21.784, +5.598,+1.043
1670946360,+3.08,+21.767, +5.680,+1.043
1670946660,+3.08,+21.767, +5.711,+1.044
1670946960,+3.08,+21.818, +5.666,+1.043
1670947260,+3.08,+21.751, +5.688,+1.044
1670947560,+3.08,+21.725, +5.665,+1.043
1670947860,+3.08,+21.742, +5.617,+1.042
1670948160,+3.08,+21.700, +5.564,+1.043
1670948460,+3.08,+21.608, +5.478,+1.043
1670948760,+3.08,+21.575, +5.425,+1.043
1670949060,+3.08,+21.524, +5.471,+1.043
1670949360,+3.08,+21.625, +5.427,+1.043
1670949660,+3.08,+21.734, +5.497,+1.043
1670949960,+3.08,+21.583, +5.463,+1.043
1670950260,+3.08,+21.558, +5.269,+1.042
1670950560,+3.08,+21.549, +5.196,+1.043
1670950860,+3.08,+21.642, +5.301,+1.043
1670951160,+3.08,+21.633, +5.311,+1.043
1670951460,+3.08,+21.558, +5.360,+1.043
1670951760,+3.08,+21.558, +5.441,+1.044
1670952060,+3.08,+21.591, +5.476,+1.043
1670952360,+3.08,+21.575, +5.501,+1.044
1670952660,+3.08,+21.658, +5.575,+1.044
