7392-538280
OS REV: 1.11 Sensor Cal: 1466698825
Time (sec),  BV (Volts),  T (deg C),  DO (mg/l),  Q ()
1675613340,+3.04,+24.369, +2.439,+1.044
1675613640,+3.04,+24.427, +2.508,+1.043
1675613940,+3.04,+24.385, +2.567,+1.044
1675614240,+3.03,+24.402, +2.517,+1.044
1675614540,+3.04,+24.402, +2.460,+1.043
1675614840,+3.04,+24.419, +2.421,+1.044
1675615140,+3.04,+24.444, +2.385,+1.043
1675615440,+3.04,+24.453, +2.390,+1.043
1675615740,+3.04,+24.512, +2.414,+1.043
1675616040,+3.04,+24.604, +2.514,+1.043
1675616340,+3.04,+24.638, +2.679,+1.044
1675616640,+3.04,+24.655, +2.767,+1.045
1675616940,+3.03,+24.739, +2.910,+1.044
1675617240,+3.04,+24.764, +3.440,+1.043
1675617540,+3.04,+24.714, +3.572,+1.043
1675617840,+3.03,+24.798, +3.853,+1.044
1675618140,+3.03,+25.110, +4.743,+1.044
1675618440,+3.03,+25.329, +5.861,+1.044
1675618740,+3.04,+25.506, +6.640,+1.046
1675619040,+3.04,+25.472, +6.639,+1.045
1675619340,+3.04,+25.456, +6.559,+1.046
1675619640,+3.03,+25.624, +6.883,+1.046
1675619940,+3.04,+25.489, +6.714,+1.045
1675620240,+3.03,+25.540, +6.800,+1.045
1675620540,+3.03,+25.557, +6.626,+1.044
1675620840,+3.03,+25.261, +5.720,+1.046
1675621140,+3.03,+25.110, +5.591,+1.045
1675621440,+3.03,+25.160, +5.543,+1.045
1675621740,+3.03,+25.000, +5.461,+1.044
1675622040,+3.03,+25.186, +5.238,+1.045
1675622340,+3.03,+25.000, +5.216,+1.044
1675622640,+3.04,+25.067, +5.035,+1.044
1675622940,+3.04,+25.186, +5.185,+1.044
1675623240,+3.03,+25.464, +5.834,+1.046
1675623540,+3.03,+25.675, +6.444,+1.046
1675623840,+3.04,+25.532, +6.492,+1.045
1675624140,+3.04,+25.709, +6.470,+1.046
1675624440,+3.03,+25.844, +6.801,+1.046
1675624740,+3.04,+25.624, +6.547,+1.045
1675625040,+3.03,+25.337, +6.078,+1.043
1675625340,+3.03,+25.194, +5.700,+1.044
1675625640,+3.03,+25.127, +5.492,+1.046
1675625940,+3.03,+25.127, +5.292,+1.045
1675626240,+3.03,+25.110, +5.137,+1.043
1675626540,+3.03,+25.076, +5.010,+1.044
1675626840,+3.03,+25.084, +5.024,+1.044
1675627140,+3.03,+25.084, +4.998,+1.045
1675627440,+3.03,+25.110, +4.934,+1.044
1675627740,+3.03,+25.084, +4.878,+1.044
1675628040,+3.03,+25.067, +4.779,+1.043
1675628340,+3.03,+25.110, +4.714,+1.044
1675628640,+3.03,+25.143, +4.657,+1.044
1675628940,+3.03,+25.219, +4.574,+1.043
1675629240,+3.03,+25.186, +4.494,+1.043
1675629540,+3.03,+25.143, +4.524,+1.044
1675629840,+3.03,+25.160, +4.512,+1.044
1675630140,+3.03,+25.177, +4.516,+1.044
1675630440,+3.03,+25.202, +4.501,+1.044
1675630740,+3.03,+25.219, +4.475,+1.044
1675631040,+3.03,+25.236, +4.451,+1.045
1675631340,+3.03,+25.253, +4.424,+1.044
1675631640,+3.03,+25.287, +4.443,+1.044
1675631940,+3.03,+25.346, +4.461,+1.044
1675632240,+3.03,+25.304, +4.507,+1.044
1675632540,+3.04,+25.354, +4.593,+1.044
1675632840,+3.03,+25.363, +4.656,+1.044
1675633140,+3.03,+25.371, +4.884,+1.044
1675633440,+3.04,+25.363, +5.235,+1.044
1675633740,+3.03,+25.337, +5.371,+1.043
1675634040,+3.03,+25.354, +5.387,+1.044
1675634340,+3.03,+25.354, +5.354,+1.045
1675634640,+3.04,+25.380, +5.338,+1.044
1675634940,+3.04,+25.380, +5.323,+1.045
1675635240,+3.04,+25.380, +5.301,+1.045
1675635540,+3.03,+25.380, +5.301,+1.045
1675635840,+3.03,+25.396, +5.279,+1.045
1675636140,+3.04,+25.422, +5.227,+1.045
1675636440,+3.04,+25.430, +5.246,+1.045
1675636740,+3.04,+25.439, +5.271,+1.044
1675637040,+3.04,+25.439, +5.285,+1.044
1675637340,+3.03,+25.439, +5.284,+1.044
1675637640,+3.04,+25.447, +5.274,+1.046
1675637940,+3.04,+25.464, +5.246,+1.044
1675638240,+3.04,+25.456, +5.309,+1.045
1675638540,+3.04,+25.472, +5.364,+1.046
1675638840,+3.04,+25.447, +5.485,+1.044
1675639140,+3.04,+25.422, +5.713,+1.044
1675639440,+3.03,+25.422, +5.816,+1.044
1675639740,+3.04,+25.405, +5.870,+1.045
1675640040,+3.04,+25.447, +5.842,+1.044
1675640340,+3.04,+25.447, +5.815,+1.044
1675640640,+3.04,+25.439, +5.798,+1.044
1675640940,+3.04,+25.464, +5.787,+1.045
1675641240,+3.04,+25.456, +5.765,+1.044
1675641540,+3.04,+25.481, +5.772,+1.045
1675641840,+3.04,+25.481, +5.785,+1.045
1675642140,+3.04,+25.498, +5.773,+1.045
1675642440,+3.04,+25.515, +5.747,+1.045
1675642740,+3.04,+25.523, +5.712,+1.044
1675643040,+3.04,+25.548, +5.685,+1.044
1675643340,+3.04,+25.557, +5.664,+1.045
1675643640,+3.04,+25.557, +5.649,+1.044
1675643940,+3.04,+25.548, +5.647,+1.044
1675644240,+3.04,+25.532, +5.660,+1.044
1675644540,+3.03,+25.498, +5.685,+1.045
1675644840,+3.04,+25.456, +5.785,+1.045
1675645140,+3.04,+25.472, +6.151,+1.045
1675645440,+3.04,+25.430, +6.493,+1.045
1675645740,+3.04,+25.447, +6.642,+1.045
1675646040,+3.04,+25.456, +6.660,+1.045
1675646340,+3.04,+25.430, +6.664,+1.044
1675646640,+3.04,+25.456, +6.681,+1.045
1675646940,+3.04,+25.413, +6.733,+1.045
1675647240,+3.03,+25.422, +6.646,+1.043
1675647540,+3.04,+25.413, +6.602,+1.045
1675647840,+3.04,+25.439, +6.625,+1.045
1675648140,+3.04,+25.456, +6.752,+1.045
1675648440,+3.04,+25.456, +6.831,+1.046
1675648740,+3.04,+25.447, +6.847,+1.045
1675649040,+3.04,+25.456, +6.855,+1.045
1675649340,+3.03,+25.312, +6.831,+1.046
1675649640,+3.04,+25.304, +6.717,+1.045
1675649940,+3.03,+25.202, +6.579,+1.045
1675650240,+3.03,+25.202, +6.444,+1.043
1675650540,+3.03,+25.202, +6.369,+1.045
1675650840,+3.04,+25.236, +6.292,+1.045
1675651140,+3.03,+25.118, +6.156,+1.044
1675651440,+3.04,+25.000, +6.023,+1.044
1675651740,+3.04,+25.025, +5.894,+1.045
1675652040,+3.04,+24.688, +5.614,+1.044
1675652340,+3.04,+24.730, +5.437,+1.044
1675652640,+3.04,+24.891, +5.255,+1.045
1675652940,+3.04,+24.680, +4.909,+1.044
1675653240,+3.04,+24.579, +4.108,+1.044
1675653540,+3.04,+24.621, +3.841,+1.044
1675653840,+3.04,+24.798, +3.719,+1.044
1675654140,+3.04,+24.394, +3.433,+1.043
1675654440,+3.04,+24.369, +2.989,+1.044
1675654740,+3.04,+24.284, +2.756,+1.044
1675655040,+3.04,+24.133, +2.360,+1.043
1675655340,+3.04,+24.083, +2.055,+1.042
1675655640,+3.03,+24.142, +1.944,+1.043
1675655940,+3.04,+24.024, +1.936,+1.042
1675656240,+3.04,+23.931, +1.841,+1.042
1675656540,+3.03,+23.973, +1.717,+1.042
1675656840,+3.04,+24.007, +1.633,+1.042
1675657140,+3.04,+24.057, +1.587,+1.041
1675657440,+3.04,+24.091, +1.565,+1.041
1675657740,+3.04,+24.074, +1.523,+1.041
1675658040,+3.04,+24.083, +1.481,+1.041
1675658340,+3.04,+24.057, +1.439,+1.040
1675658640,+3.04,+24.041, +1.411,+1.040
1675658940,+3.04,+24.074, +1.386,+1.040
1675659240,+3.04,+24.083, +1.361,+1.040
1675659540,+3.04,+24.150, +1.373,+1.040
1675659840,+3.04,+24.150, +1.425,+1.039
1675660140,+3.04,+24.175, +1.460,+1.040
1675660440,+3.04,+24.242, +1.491,+1.040
1675660740,+3.04,+24.242, +1.517,+1.040
1675661040,+3.03,+24.284, +1.530,+1.041
1675661340,+3.04,+24.284, +1.534,+1.040
1675661640,+3.04,+24.293, +1.533,+1.040
1675661940,+3.04,+24.284, +1.533,+1.040
1675662240,+3.04,+24.318, +1.522,+1.040
1675662540,+3.04,+24.343, +1.512,+1.040
1675662840,+3.04,+24.377, +1.518,+1.040
1675663140,+3.04,+24.377, +1.528,+1.040
1675663440,+3.04,+24.377, +1.547,+1.040
1675663740,+3.04,+24.419, +1.535,+1.040
1675664040,+3.04,+24.436, +1.548,+1.041
1675664340,+3.04,+24.385, +1.574,+1.041
1675664640,+3.04,+24.385, +1.605,+1.041
1675664940,+3.04,+24.411, +1.648,+1.042
1675665240,+3.04,+24.427, +1.661,+1.042
1675665540,+3.04,+24.411, +1.662,+1.041
1675665840,+3.03,+24.453, +1.649,+1.041
1675666140,+3.04,+24.545, +1.664,+1.041
1675666440,+3.04,+24.486, +1.789,+1.042
1675666740,+3.04,+24.402, +1.896,+1.042
1675667040,+3.04,+24.343, +1.944,+1.043
1675667340,+3.04,+24.436, +1.948,+1.043
1675667640,+3.04,+24.461, +1.938,+1.043
1675667940,+3.04,+24.411, +1.926,+1.042
1675668240,+3.04,+24.402, +1.932,+1.042
1675668540,+3.04,+24.528, +1.925,+1.043
1675668840,+3.04,+24.587, +1.912,+1.043
1675669140,+3.04,+24.554, +1.905,+1.042
1675669440,+3.04,+24.545, +1.907,+1.043
1675669740,+3.04,+24.545, +1.900,+1.043
1675670040,+3.04,+24.571, +1.883,+1.043
1675670340,+3.04,+24.545, +1.889,+1.043
1675670640,+3.04,+24.554, +1.916,+1.043
1675670940,+3.04,+24.537, +1.922,+1.043
1675671240,+3.04,+24.571, +1.924,+1.043
1675671540,+3.04,+24.663, +1.972,+1.043
1675671840,+3.04,+24.722, +2.062,+1.043
1675672140,+3.04,+24.722, +2.130,+1.043
1675672440,+3.04,+24.655, +2.156,+1.043
1675672740,+3.04,+24.604, +2.197,+1.043
1675673040,+3.04,+24.579, +2.252,+1.042
1675673340,+3.04,+24.621, +2.304,+1.043
1675673640,+3.04,+24.571, +2.307,+1.043
1675673940,+3.04,+24.587, +2.306,+1.043
1675674240,+3.04,+24.680, +2.295,+1.044
1675674540,+3.04,+24.663, +2.275,+1.044
1675674840,+3.04,+24.646, +2.295,+1.044
1675675140,+3.04,+24.613, +2.325,+1.044
1675675440,+3.04,+24.613, +2.340,+1.043
1675675740,+3.04,+24.672, +2.338,+1.043
1675676040,+3.04,+24.697, +2.359,+1.043
1675676340,+3.04,+24.655, +2.341,+1.043
1675676640,+3.04,+24.629, +2.316,+1.043
1675676940,+3.04,+24.604, +2.311,+1.044
1675677240,+3.04,+24.629, +2.282,+1.044
1675677540,+3.04,+24.663, +2.265,+1.044
1675677840,+3.04,+24.705, +2.288,+1.044
1675678140,+3.04,+24.688, +2.352,+1.043
1675678440,+3.04,+24.663, +2.348,+1.043
1675678740,+3.04,+24.680, +2.365,+1.044
1675679040,+3.04,+24.629, +2.354,+1.043
1675679340,+3.04,+24.646, +2.354,+1.044
1675679640,+3.04,+24.621, +2.341,+1.043
1675679940,+3.04,+24.629, +2.328,+1.044
1675680240,+3.04,+24.587, +2.311,+1.044
1675680540,+3.04,+24.579, +2.301,+1.044
1675680840,+3.04,+24.571, +2.261,+1.043
1675681140,+3.04,+24.571, +2.224,+1.044
1675681440,+3.04,+24.604, +2.208,+1.044
1675681740,+3.04,+24.629, +2.207,+1.043
1675682040,+3.04,+24.613, +2.264,+1.044
1675682340,+3.04,+24.562, +2.407,+1.044
1675682640,+3.04,+24.512, +2.433,+1.044
1675682940,+3.04,+24.520, +2.405,+1.044
1675683240,+3.04,+24.512, +2.376,+1.044
1675683540,+3.04,+24.528, +2.333,+1.044
1675683840,+3.04,+24.562, +2.313,+1.044
1675684140,+3.04,+24.562, +2.282,+1.044
1675684440,+3.04,+24.579, +2.267,+1.044
1675684740,+3.04,+24.596, +2.247,+1.044
1675685040,+3.04,+24.604, +2.245,+1.044
1675685340,+3.04,+24.638, +2.260,+1.044
1675685640,+3.04,+24.646, +2.284,+1.044
1675685940,+3.04,+24.638, +2.286,+1.043
1675686240,+3.04,+24.545, +2.248,+1.043
1675686540,+3.04,+24.520, +2.276,+1.044
1675686840,+3.04,+24.545, +2.281,+1.044
1675687140,+3.04,+24.528, +2.260,+1.044
1675687440,+3.04,+24.461, +2.225,+1.043
1675687740,+3.04,+24.411, +2.211,+1.043
1675688040,+3.04,+24.503, +2.193,+1.043
1675688340,+3.03,+24.478, +2.243,+1.044
1675688640,+3.04,+24.327, +2.259,+1.044
1675688940,+3.03,+24.293, +2.219,+1.043
1675689240,+3.03,+24.301, +2.183,+1.043
1675689540,+3.03,+24.327, +2.162,+1.044
1675689840,+3.03,+24.276, +2.112,+1.043
1675690140,+3.03,+24.293, +2.060,+1.043
1675690440,+3.04,+24.268, +2.019,+1.043
1675690740,+3.04,+24.327, +1.972,+1.043
1675691040,+3.03,+24.301, +1.967,+1.043
1675691340,+3.03,+24.242, +1.973,+1.043
1675691640,+3.04,+24.217, +1.921,+1.043
1675691940,+3.04,+24.226, +1.870,+1.043
1675692240,+3.04,+24.234, +1.806,+1.043
1675692540,+3.03,+24.226, +1.774,+1.042
1675692840,+3.03,+24.192, +1.735,+1.042
1675693140,+3.03,+24.209, +1.697,+1.042
1675693440,+3.03,+24.200, +1.697,+1.042
1675693740,+3.04,+24.192, +1.663,+1.041
1675694040,+3.03,+24.175, +1.616,+1.041
1675694340,+3.04,+24.158, +1.564,+1.041
1675694640,+3.03,+24.200, +1.524,+1.041
1675694940,+3.03,+24.251, +1.505,+1.041
1675695240,+3.03,+24.234, +1.487,+1.040
1675695540,+3.04,+24.268, +1.475,+1.040
1675695840,+3.03,+24.242, +1.471,+1.040
1675696140,+3.03,+24.259, +1.457,+1.040
1675696440,+3.03,+24.259, +1.460,+1.040
1675696740,+3.04,+24.276, +1.492,+1.040
1675697040,+3.03,+24.301, +1.512,+1.041
1675697340,+3.04,+24.293, +1.566,+1.041
1675697640,+3.03,+24.293, +1.656,+1.041
1675697940,+3.03,+24.293, +1.658,+1.041
1675698240,+3.04,+24.360, +1.663,+1.042
1675698540,+3.03,+24.419, +1.738,+1.042
1675698840,+3.04,+24.402, +1.854,+1.042
1675699140,+3.04,+24.419, +1.951,+1.043
1675699440,+3.04,+24.411, +1.999,+1.043
1675699740,+3.04,+24.427, +2.009,+1.043
