7392-538280
OS REV: 1.11 Sensor Cal: 1466698825
Time (sec),  BV (Volts),  T (deg C),  DO (mg/l),  Q ()
1673801100,+3.05,+22.480, +6.475,+1.042
1673801400,+3.05,+22.438, +6.579,+1.043
1673801700,+3.05,+22.396, +6.574,+1.042
1673802000,+3.05,+22.354, +6.554,+1.042
1673802300,+3.05,+22.337, +6.473,+1.042
1673802600,+3.05,+22.354, +6.430,+1.042
1673802900,+3.05,+22.346, +6.396,+1.042
1673803200,+3.05,+22.329, +6.349,+1.043
1673803500,+3.05,+22.354, +6.294,+1.041
1673803800,+3.05,+22.337, +6.265,+1.043
1673804100,+3.05,+22.304, +6.226,+1.042
1673804400,+3.05,+22.304, +6.218,+1.043
1673804700,+3.05,+22.346, +6.157,+1.043
1673805000,+3.05,+22.362, +6.140,+1.043
1673805300,+3.05,+22.354, +6.299,+1.042
1673805600,+3.05,+22.362, +6.397,+1.043
1673805900,+3.05,+22.404, +6.480,+1.043
1673806200,+3.05,+22.396, +6.491,+1.043
1673806500,+3.05,+22.362, +6.462,+1.042
1673806800,+3.05,+22.379, +6.450,+1.043
1673807100,+3.05,+22.388, +6.479,+1.043
1673807400,+3.05,+22.371, +6.465,+1.043
1673807700,+3.05,+22.354, +6.457,+1.043
1673808000,+3.05,+22.354, +6.418,+1.042
1673808300,+3.05,+22.337, +6.415,+1.043
1673808600,+3.05,+22.413, +6.451,+1.043
1673808900,+3.05,+22.396, +6.482,+1.042
1673809200,+3.05,+22.413, +6.548,+1.042
1673809500,+3.05,+22.438, +6.643,+1.041
1673809800,+3.05,+22.438, +6.673,+1.043
1673810100,+3.05,+22.446, +6.649,+1.041
1673810400,+3.05,+22.471, +6.641,+1.042
1673810700,+3.05,+22.421, +6.665,+1.042
1673811000,+3.05,+22.471, +6.619,+1.043
1673811300,+3.05,+22.463, +6.594,+1.043
1673811600,+3.05,+22.455, +6.566,+1.042
1673811900,+3.05,+22.455, +6.534,+1.043
1673812200,+3.05,+22.471, +6.520,+1.042
1673812500,+3.05,+22.471, +6.515,+1.042
1673812800,+3.05,+22.438, +6.503,+1.042
1673813100,+3.05,+22.455, +6.481,+1.043
1673813400,+3.05,+22.471, +6.440,+1.042
1673813700,+3.05,+22.597, +6.436,+1.043
1673814000,+3.05,+22.564, +6.423,+1.043
1673814300,+3.05,+22.580, +6.410,+1.043
1673814600,+3.05,+22.631, +6.375,+1.042
1673814900,+3.05,+22.673, +6.351,+1.043
1673815200,+3.05,+22.572, +6.224,+1.043
1673815500,+3.05,+22.522, +6.155,+1.043
1673815800,+3.05,+22.497, +6.128,+1.043
1673816100,+3.05,+22.471, +6.157,+1.043
1673816400,+3.05,+22.471, +6.188,+1.042
1673816700,+3.05,+22.455, +6.214,+1.042
1673817000,+3.05,+22.455, +6.209,+1.043
1673817300,+3.05,+22.471, +6.185,+1.043
1673817600,+3.05,+22.480, +6.166,+1.043
1673817900,+3.05,+22.497, +6.139,+1.043
1673818200,+3.05,+22.505, +6.091,+1.042
1673818500,+3.05,+22.530, +6.033,+1.043
1673818800,+3.05,+22.572, +5.984,+1.043
1673819100,+3.05,+22.572, +5.944,+1.043
1673819400,+3.05,+22.589, +5.910,+1.044
1673819700,+3.05,+22.597, +5.859,+1.044
1673820000,+3.05,+22.597, +5.889,+1.043
1673820300,+3.05,+22.597, +6.323,+1.043
1673820600,+3.05,+22.597, +6.533,+1.043
1673820900,+3.05,+22.597, +6.577,+1.042
1673821200,+3.05,+22.597, +6.554,+1.041
1673821500,+3.05,+22.572, +6.537,+1.043
1673821800,+3.05,+22.589, +6.457,+1.042
1673822100,+3.05,+22.564, +6.420,+1.043
1673822400,+3.05,+22.564, +6.363,+1.042
1673822700,+3.05,+22.555, +6.334,+1.043
1673823000,+3.05,+22.589, +6.301,+1.043
1673823300,+3.05,+22.555, +6.315,+1.042
1673823600,+3.05,+22.564, +6.296,+1.042
1673823900,+3.05,+22.564, +6.268,+1.043
1673824200,+3.05,+22.547, +6.220,+1.043
1673824500,+3.05,+22.522, +6.174,+1.042
1673824800,+3.05,+22.530, +6.118,+1.043
1673825100,+3.05,+22.505, +6.073,+1.043
1673825400,+3.05,+22.497, +6.030,+1.043
1673825700,+3.05,+22.505, +5.979,+1.043
1673826000,+3.05,+22.513, +5.937,+1.043
1673826300,+3.05,+22.513, +5.861,+1.043
1673826600,+3.05,+22.471, +5.789,+1.042
1673826900,+3.05,+22.463, +5.739,+1.043
1673827200,+3.05,+22.404, +5.729,+1.043
1673827500,+3.05,+22.446, +5.691,+1.043
1673827800,+3.05,+22.438, +5.655,+1.043
1673828100,+3.05,+22.413, +5.603,+1.042
1673828400,+3.05,+22.446, +5.557,+1.043
1673828700,+3.05,+22.471, +5.488,+1.043
1673829000,+3.05,+22.547, +5.511,+1.042
1673829300,+3.05,+22.530, +5.640,+1.042
1673829600,+3.05,+22.580, +5.745,+1.044
1673829900,+3.05,+22.564, +5.816,+1.043
1673830200,+3.05,+22.580, +5.955,+1.043
1673830500,+3.05,+22.589, +6.166,+1.043
1673830800,+3.05,+22.606, +6.186,+1.043
1673831100,+3.05,+22.580, +6.152,+1.042
1673831400,+3.05,+22.572, +6.141,+1.044
1673831700,+3.05,+22.589, +6.100,+1.043
1673832000,+3.05,+22.597, +6.065,+1.042
1673832300,+3.05,+22.564, +6.009,+1.042
1673832600,+3.05,+22.505, +6.008,+1.042
1673832900,+3.05,+22.446, +6.033,+1.042
1673833200,+3.05,+22.430, +6.169,+1.043
1673833500,+3.05,+22.413, +6.220,+1.044
1673833800,+3.05,+22.430, +6.229,+1.043
1673834100,+3.05,+22.446, +6.258,+1.043
1673834400,+3.05,+22.446, +6.272,+1.043
1673834700,+3.05,+22.455, +6.254,+1.043
1673835000,+3.05,+22.471, +6.203,+1.042
1673835300,+3.05,+22.455, +6.192,+1.043
1673835600,+3.05,+22.488, +6.158,+1.043
1673835900,+3.05,+22.488, +6.116,+1.043
1673836200,+3.05,+22.513, +6.066,+1.043
1673836500,+3.05,+22.505, +6.070,+1.043
1673836800,+3.05,+22.488, +6.060,+1.043
1673837100,+3.05,+22.522, +6.018,+1.042
1673837400,+3.05,+22.488, +6.005,+1.043
1673837700,+3.05,+22.471, +5.952,+1.042
1673838000,+3.05,+22.455, +5.917,+1.043
1673838300,+3.05,+22.362, +5.895,+1.043
1673838600,+3.05,+22.346, +5.845,+1.042
1673838900,+3.05,+22.362, +5.800,+1.042
1673839200,+3.05,+22.413, +5.753,+1.043
1673839500,+3.05,+22.371, +5.731,+1.043
1673839800,+3.05,+22.379, +5.715,+1.042
1673840100,+3.05,+22.396, +5.701,+1.043
1673840400,+3.05,+22.396, +5.666,+1.043
1673840700,+3.05,+22.396, +5.633,+1.044
1673841000,+3.05,+22.371, +5.583,+1.042
1673841300,+3.05,+22.354, +5.556,+1.043
1673841600,+3.05,+22.337, +5.528,+1.043
1673841900,+3.05,+22.337, +5.509,+1.043
1673842200,+3.05,+22.329, +5.496,+1.043
1673842500,+3.05,+22.321, +5.478,+1.044
1673842800,+3.05,+22.304, +5.444,+1.043
1673843100,+3.05,+22.287, +5.435,+1.043
1673843400,+3.05,+22.287, +5.419,+1.043
1673843700,+3.05,+22.329, +5.382,+1.043
1673844000,+3.05,+22.295, +5.370,+1.043
1673844300,+3.05,+22.329, +5.334,+1.042
1673844600,+3.05,+22.337, +5.322,+1.043
1673844900,+3.05,+22.329, +5.297,+1.043
1673845200,+3.05,+22.371, +5.272,+1.043
1673845500,+3.05,+22.362, +5.250,+1.043
1673845800,+3.05,+22.371, +5.244,+1.043
1673846100,+3.05,+22.362, +5.238,+1.043
1673846400,+3.05,+22.321, +5.325,+1.044
1673846700,+3.05,+22.304, +5.399,+1.043
1673847000,+3.05,+22.270, +5.457,+1.042
1673847300,+3.05,+22.237, +5.512,+1.044
1673847600,+3.05,+22.228, +5.499,+1.043
1673847900,+3.05,+22.212, +5.466,+1.043
1673848200,+3.05,+22.178, +5.403,+1.043
1673848500,+3.05,+22.145, +5.372,+1.042
1673848800,+3.05,+22.145, +5.315,+1.043
1673849100,+3.05,+22.153, +5.219,+1.044
1673849400,+3.05,+22.161, +5.174,+1.042
1673849700,+3.05,+22.195, +5.144,+1.042
1673850000,+3.05,+22.170, +5.146,+1.044
1673850300,+3.05,+22.195, +5.125,+1.043
1673850600,+3.05,+22.220, +5.115,+1.044
1673850900,+3.05,+22.220, +5.088,+1.044
1673851200,+3.05,+22.220, +5.111,+1.043
1673851500,+3.05,+22.203, +5.151,+1.043
1673851800,+3.05,+22.220, +5.167,+1.043
1673852100,+3.05,+22.237, +5.166,+1.044
1673852400,+3.05,+22.245, +5.180,+1.043
1673852700,+3.05,+22.237, +5.210,+1.043
1673853000,+3.05,+22.270, +5.278,+1.043
1673853300,+3.05,+22.254, +5.379,+1.043
1673853600,+3.05,+22.262, +5.456,+1.043
1673853900,+3.05,+22.279, +5.474,+1.043
1673854200,+3.05,+22.287, +5.471,+1.043
1673854500,+3.05,+22.279, +5.534,+1.043
1673854800,+3.05,+22.270, +5.489,+1.041
1673855100,+3.05,+22.304, +5.489,+1.042
1673855400,+3.05,+22.329, +5.499,+1.043
1673855700,+3.05,+22.337, +5.502,+1.043
1673856000,+3.05,+22.321, +5.533,+1.043
1673856300,+3.05,+22.329, +5.752,+1.043
1673856600,+3.05,+22.312, +5.804,+1.043
1673856900,+3.05,+22.354, +5.785,+1.042
1673857200,+3.05,+22.379, +5.783,+1.044
1673857500,+3.05,+22.396, +5.869,+1.042
1673857800,+3.05,+22.396, +5.898,+1.043
1673858100,+3.05,+22.396, +5.880,+1.042
1673858400,+3.05,+22.379, +5.860,+1.043
1673858700,+3.05,+22.404, +5.863,+1.043
1673859000,+3.05,+22.404, +5.834,+1.043
1673859300,+3.05,+22.404, +5.814,+1.043
1673859600,+3.05,+22.413, +5.787,+1.043
1673859900,+3.05,+22.421, +5.762,+1.043
1673860200,+3.05,+22.421, +5.726,+1.043
1673860500,+3.05,+22.446, +5.717,+1.044
1673860800,+3.05,+22.430, +5.700,+1.044
1673861100,+3.05,+22.413, +5.682,+1.042
1673861400,+3.05,+22.396, +5.669,+1.042
1673861700,+3.05,+22.362, +5.671,+1.043
1673862000,+3.05,+22.329, +5.641,+1.042
1673862300,+3.05,+22.304, +5.625,+1.042
1673862600,+3.05,+22.321, +5.612,+1.043
1673862900,+3.05,+22.295, +5.583,+1.043
1673863200,+3.05,+22.304, +5.545,+1.042
1673863500,+3.05,+22.321, +5.512,+1.043
1673863800,+3.05,+22.295, +5.483,+1.042
1673864100,+3.05,+22.295, +5.465,+1.043
1673864400,+3.05,+22.279, +5.434,+1.043
1673864700,+3.05,+22.287, +5.388,+1.042
1673865000,+3.05,+22.287, +5.336,+1.042
1673865300,+3.05,+22.279, +5.332,+1.043
1673865600,+3.05,+22.279, +5.328,+1.042
1673865900,+3.05,+22.279, +5.349,+1.043
1673866200,+3.05,+22.295, +5.444,+1.042
1673866500,+3.05,+22.312, +5.500,+1.042
1673866800,+3.05,+22.312, +5.496,+1.043
1673867100,+3.05,+22.321, +5.466,+1.043
1673867400,+3.05,+22.321, +5.418,+1.042
1673867700,+3.05,+22.321, +5.418,+1.043
1673868000,+3.05,+22.321, +5.402,+1.043
1673868300,+3.05,+22.304, +5.440,+1.043
1673868600,+3.05,+22.287, +5.497,+1.044
1673868900,+3.05,+22.312, +5.476,+1.042
1673869200,+3.05,+22.295, +5.471,+1.043
1673869500,+3.05,+22.304, +5.442,+1.042
1673869800,+3.05,+22.312, +5.412,+1.043
1673870100,+3.05,+22.337, +5.348,+1.043
1673870400,+3.05,+22.329, +5.297,+1.043
1673870700,+3.05,+22.312, +5.259,+1.043
1673871000,+3.05,+22.270, +5.232,+1.043
1673871300,+3.05,+22.262, +5.211,+1.043
1673871600,+3.05,+22.237, +5.167,+1.042
1673871900,+3.05,+22.203, +5.141,+1.043
1673872200,+3.05,+22.228, +5.104,+1.042
1673872500,+3.05,+22.287, +5.053,+1.043
1673872800,+3.05,+22.287, +5.024,+1.043
1673873100,+3.05,+22.287, +5.020,+1.043
1673873400,+3.05,+22.304, +5.073,+1.043
1673873700,+3.05,+22.321, +5.136,+1.043
1673874000,+3.05,+22.346, +5.156,+1.043
1673874300,+3.05,+22.379, +5.177,+1.043
1673874600,+3.05,+22.388, +5.202,+1.043
1673874900,+3.05,+22.413, +5.240,+1.044
1673875200,+3.05,+22.413, +5.492,+1.042
1673875500,+3.05,+22.421, +5.559,+1.043
1673875800,+3.05,+22.421, +5.551,+1.043
1673876100,+3.05,+22.438, +5.548,+1.043
1673876400,+3.05,+22.430, +5.537,+1.042
1673876700,+3.05,+22.438, +5.568,+1.043
1673877000,+3.05,+22.438, +5.634,+1.043
1673877300,+3.05,+22.421, +5.651,+1.042
1673877600,+3.05,+22.413, +5.614,+1.041
1673877900,+3.05,+22.421, +5.612,+1.043
1673878200,+3.05,+22.404, +5.594,+1.043
1673878500,+3.05,+22.379, +5.590,+1.043
1673878800,+3.05,+22.396, +5.556,+1.042
1673879100,+3.05,+22.396, +5.531,+1.043
1673879400,+3.05,+22.421, +5.497,+1.043
1673879700,+3.05,+22.421, +5.469,+1.043
1673880000,+3.05,+22.413, +5.446,+1.044
1673880300,+3.05,+22.396, +5.417,+1.043
1673880600,+3.05,+22.379, +5.419,+1.043
1673880900,+3.05,+22.379, +5.400,+1.042
1673881200,+3.05,+22.371, +5.388,+1.044
1673881500,+3.05,+22.388, +5.366,+1.043
1673881800,+3.05,+22.379, +5.349,+1.043
1673882100,+3.05,+22.371, +5.343,+1.044
1673882400,+3.05,+22.379, +5.328,+1.043
1673882700,+3.05,+22.388, +5.347,+1.043
1673883000,+3.05,+22.388, +5.383,+1.043
1673883300,+3.05,+22.396, +5.421,+1.043
1673883600,+3.05,+22.396, +5.470,+1.044
1673883900,+3.05,+22.396, +5.452,+1.043
1673884200,+3.05,+22.379, +5.414,+1.043
1673884500,+3.05,+22.354, +5.454,+1.043
1673884800,+3.05,+22.354, +5.483,+1.042
1673885100,+3.05,+22.337, +5.500,+1.043
1673885400,+3.05,+22.337, +5.482,+1.043
1673885700,+3.05,+22.354, +5.465,+1.044
1673886000,+3.05,+22.346, +5.439,+1.043
1673886300,+3.05,+22.354, +5.412,+1.043
1673886600,+3.05,+22.396, +5.390,+1.043
1673886900,+3.05,+22.396, +5.388,+1.043
1673887200,+3.05,+22.404, +5.379,+1.043
1673887500,+3.05,+22.388, +5.394,+1.043
