7392-538280
OS REV: 1.11 Sensor Cal: 1466698825
Time (sec),  BV (Volts),  T (deg C),  DO (mg/l),  Q ()
1676306940,+3.03,+25.633, +6.183,+1.045
1676307240,+3.03,+25.641, +6.217,+1.046
1676307540,+3.03,+25.616, +6.141,+1.045
1676307840,+3.03,+25.608, +6.075,+1.045
1676308140,+3.03,+25.616, +6.023,+1.045
1676308440,+3.03,+25.624, +5.976,+1.046
1676308740,+3.03,+25.641, +5.895,+1.045
1676309040,+3.03,+25.650, +5.852,+1.045
1676309340,+3.03,+25.667, +5.797,+1.045
1676309640,+3.03,+25.658, +5.798,+1.045
1676309940,+3.03,+25.667, +6.398,+1.045
1676310240,+3.02,+25.684, +6.520,+1.046
1676310540,+3.03,+25.692, +6.478,+1.044
1676310840,+3.03,+25.700, +6.424,+1.044
1676311140,+3.03,+25.667, +6.411,+1.045
1676311440,+3.03,+25.667, +6.364,+1.045
1676311740,+3.03,+25.658, +6.317,+1.045
1676312040,+3.03,+25.667, +6.360,+1.046
1676312340,+3.03,+25.624, +6.583,+1.046
1676312640,+3.03,+25.650, +6.665,+1.045
1676312940,+3.03,+25.700, +6.729,+1.046
1676313240,+3.03,+25.700, +6.752,+1.046
1676313540,+3.03,+25.692, +6.691,+1.044
1676313840,+3.03,+25.726, +6.671,+1.047
1676314140,+3.03,+25.709, +6.600,+1.046
1676314440,+3.03,+25.717, +6.559,+1.046
1676314740,+3.03,+25.692, +6.644,+1.044
1676315040,+3.03,+25.675, +6.700,+1.045
1676315340,+3.03,+25.675, +6.822,+1.045
1676315640,+3.03,+25.684, +6.910,+1.045
1676315940,+3.03,+25.684, +6.937,+1.046
1676316240,+3.03,+25.684, +6.908,+1.046
1676316540,+3.03,+25.684, +6.864,+1.045
1676316840,+3.03,+25.684, +6.881,+1.046
1676317140,+3.03,+25.667, +6.867,+1.047
1676317440,+3.03,+25.684, +6.840,+1.047
1676317740,+3.03,+25.675, +6.800,+1.045
1676318040,+3.03,+25.700, +6.738,+1.046
1676318340,+3.03,+25.667, +6.641,+1.046
1676318640,+3.03,+25.684, +6.617,+1.047
1676318940,+3.03,+25.692, +6.595,+1.046
1676319240,+3.03,+25.684, +6.541,+1.045
1676319540,+3.03,+25.675, +6.478,+1.044
1676319840,+3.03,+25.667, +6.431,+1.044
1676320140,+3.03,+25.709, +6.387,+1.046
1676320440,+3.03,+25.726, +6.344,+1.046
1676320740,+3.03,+25.717, +6.324,+1.045
1676321040,+3.03,+25.726, +6.543,+1.046
1676321340,+3.03,+25.700, +6.691,+1.045
1676321640,+3.03,+25.734, +6.782,+1.046
1676321940,+3.03,+25.726, +6.770,+1.046
1676322240,+3.03,+25.709, +6.690,+1.045
1676322540,+3.03,+25.700, +6.651,+1.045
1676322840,+3.03,+25.700, +6.691,+1.045
1676323140,+3.03,+25.709, +6.692,+1.046
1676323440,+3.03,+25.692, +6.636,+1.045
1676323740,+3.03,+25.667, +6.552,+1.044
1676324040,+3.03,+25.700, +6.494,+1.046
1676324340,+3.03,+25.684, +6.414,+1.045
1676324640,+3.03,+25.692, +6.345,+1.044
1676324940,+3.03,+25.675, +6.259,+1.046
1676325240,+3.03,+25.667, +6.254,+1.045
1676325540,+3.03,+25.608, +6.267,+1.045
1676325840,+3.03,+25.261, +5.917,+1.044
1676326140,+3.03,+25.160, +5.319,+1.045
1676326440,+3.03,+25.337, +5.179,+1.046
1676326740,+3.03,+25.472, +5.151,+1.045
1676327040,+3.03,+25.506, +5.164,+1.044
1676327340,+3.03,+25.506, +5.262,+1.045
1676327640,+3.03,+25.498, +5.388,+1.045
1676327940,+3.03,+25.405, +5.470,+1.046
1676328240,+3.03,+25.059, +5.100,+1.045
1676328540,+3.03,+24.983, +4.592,+1.044
1676328840,+3.03,+25.059, +4.177,+1.044
1676329140,+3.03,+25.000, +3.971,+1.044
1676329440,+3.02,+25.042, +3.537,+1.044
1676329740,+3.02,+25.228, +3.748,+1.045
1676330040,+3.02,+25.025, +3.664,+1.045
1676330340,+3.03,+24.882, +3.176,+1.044
1676330640,+3.03,+24.882, +2.804,+1.044
1676330940,+3.03,+24.941, +2.730,+1.044
1676331240,+3.03,+24.958, +2.764,+1.045
1676331540,+3.02,+25.042, +2.815,+1.045
1676331840,+3.02,+25.110, +2.997,+1.045
1676332140,+3.02,+25.152, +3.394,+1.045
1676332440,+3.02,+25.186, +3.702,+1.044
1676332740,+3.02,+25.177, +4.026,+1.045
1676333040,+3.02,+25.228, +4.074,+1.045
1676333340,+3.02,+25.236, +4.053,+1.045
1676333640,+3.02,+25.388, +4.077,+1.045
1676333940,+3.02,+25.413, +4.099,+1.045
1676334240,+3.02,+25.481, +4.198,+1.044
1676334540,+3.02,+25.523, +4.381,+1.044
1676334840,+3.02,+25.608, +4.639,+1.045
1676335140,+3.02,+25.523, +4.781,+1.044
1676335440,+3.02,+25.430, +5.029,+1.046
1676335740,+3.03,+25.472, +5.030,+1.046
1676336040,+3.02,+25.599, +5.064,+1.046
1676336340,+3.02,+25.658, +5.118,+1.045
1676336640,+3.02,+25.582, +5.281,+1.046
1676336940,+3.03,+25.506, +5.388,+1.045
1676337240,+3.02,+25.540, +5.404,+1.044
1676337540,+3.02,+25.540, +5.786,+1.045
1676337840,+3.03,+25.557, +5.988,+1.046
1676338140,+3.03,+25.540, +6.133,+1.044
1676338440,+3.02,+25.548, +6.220,+1.047
1676338740,+3.02,+25.540, +6.325,+1.046
1676339040,+3.02,+25.574, +6.334,+1.045
1676339340,+3.03,+25.523, +6.428,+1.045
1676339640,+3.03,+25.515, +6.368,+1.046
1676339940,+3.03,+25.523, +6.261,+1.045
1676340240,+3.03,+25.557, +6.195,+1.045
1676340540,+3.03,+25.506, +6.202,+1.045
1676340840,+3.02,+25.523, +6.132,+1.047
1676341140,+3.02,+25.506, +6.022,+1.045
1676341440,+3.02,+25.506, +5.922,+1.044
1676341740,+3.02,+25.506, +5.844,+1.047
1676342040,+3.02,+25.464, +5.711,+1.043
1676342340,+3.02,+25.489, +5.691,+1.045
1676342640,+3.02,+25.515, +5.698,+1.046
1676342940,+3.02,+25.532, +5.669,+1.045
1676343240,+3.02,+25.557, +5.611,+1.044
1676343540,+3.02,+25.591, +5.592,+1.046
1676343840,+3.03,+25.565, +5.586,+1.046
1676344140,+3.02,+25.591, +5.576,+1.045
1676344440,+3.03,+25.591, +5.575,+1.046
1676344740,+3.03,+25.548, +5.489,+1.045
1676345040,+3.03,+25.565, +5.485,+1.044
1676345340,+3.03,+25.616, +5.526,+1.045
1676345640,+3.03,+25.658, +5.548,+1.044
1676345940,+3.03,+25.599, +5.510,+1.045
1676346240,+3.03,+25.540, +5.585,+1.047
1676346540,+3.03,+25.582, +5.571,+1.045
1676346840,+3.03,+25.641, +5.586,+1.045
1676347140,+3.03,+25.667, +5.560,+1.045
1676347440,+3.03,+25.557, +5.489,+1.046
1676347740,+3.03,+25.591, +5.479,+1.045
1676348040,+3.03,+25.599, +5.502,+1.046
1676348340,+3.03,+25.633, +5.499,+1.044
1676348640,+3.03,+25.633, +5.564,+1.046
1676348940,+3.03,+25.633, +5.619,+1.046
1676349240,+3.03,+25.667, +5.654,+1.044
1676349540,+3.03,+25.684, +5.677,+1.045
1676349840,+3.03,+25.675, +5.700,+1.044
1676350140,+3.03,+25.667, +5.732,+1.046
1676350440,+3.03,+25.684, +5.709,+1.045
1676350740,+3.03,+25.717, +5.797,+1.045
1676351040,+3.03,+25.709, +6.219,+1.045
1676351340,+3.03,+25.658, +6.478,+1.046
1676351640,+3.03,+25.633, +6.362,+1.045
1676351940,+3.03,+25.650, +6.289,+1.046
1676352240,+3.03,+25.675, +6.184,+1.044
1676352540,+3.03,+25.675, +6.199,+1.046
1676352840,+3.03,+25.641, +6.347,+1.045
1676353140,+3.03,+25.658, +6.342,+1.044
1676353440,+3.03,+25.633, +6.288,+1.046
1676353740,+3.03,+25.624, +6.218,+1.045
1676354040,+3.03,+25.624, +6.147,+1.046
1676354340,+3.03,+25.641, +6.027,+1.046
1676354640,+3.03,+25.591, +5.996,+1.045
1676354940,+3.03,+25.532, +6.002,+1.044
1676355240,+3.03,+25.489, +5.916,+1.045
1676355540,+3.03,+25.405, +5.694,+1.045
1676355840,+3.03,+25.304, +5.491,+1.046
1676356140,+3.03,+25.329, +5.272,+1.045
1676356440,+3.03,+25.363, +5.154,+1.045
1676356740,+3.03,+25.464, +5.132,+1.046
1676357040,+3.03,+25.523, +5.372,+1.045
1676357340,+3.03,+25.540, +5.563,+1.045
1676357640,+3.03,+25.540, +5.593,+1.046
1676357940,+3.03,+25.557, +5.593,+1.044
1676358240,+3.03,+25.582, +5.582,+1.044
1676358540,+3.03,+25.591, +5.557,+1.045
1676358840,+3.03,+25.582, +5.492,+1.045
1676359140,+3.03,+25.557, +5.451,+1.044
1676359440,+3.03,+25.591, +5.405,+1.045
1676359740,+3.03,+25.616, +5.412,+1.047
1676360040,+3.03,+25.633, +5.451,+1.045
1676360340,+3.03,+25.641, +5.600,+1.045
1676360640,+3.03,+25.667, +5.628,+1.045
1676360940,+3.03,+25.675, +5.602,+1.045
1676361240,+3.03,+25.650, +5.556,+1.044
1676361540,+3.03,+25.599, +5.494,+1.045
1676361840,+3.03,+25.650, +5.522,+1.045
1676362140,+3.03,+25.675, +5.524,+1.045
1676362440,+3.03,+25.675, +5.563,+1.045
1676362740,+3.03,+25.650, +5.646,+1.046
1676363040,+3.03,+25.658, +5.678,+1.044
1676363340,+3.03,+25.667, +5.739,+1.045
1676363640,+3.03,+25.658, +5.772,+1.045
1676363940,+3.03,+25.540, +5.823,+1.045
1676364240,+3.03,+25.582, +5.832,+1.046
1676364540,+3.03,+25.582, +5.788,+1.046
1676364840,+3.03,+25.523, +5.732,+1.046
1676365140,+3.03,+25.321, +5.089,+1.044
1676365440,+3.03,+25.211, +4.559,+1.043
1676365740,+3.03,+25.312, +4.337,+1.044
1676366040,+3.03,+25.363, +4.357,+1.045
1676366340,+3.03,+25.236, +4.363,+1.046
1676366640,+3.03,+25.118, +4.166,+1.045
1676366940,+3.03,+25.110, +3.927,+1.045
1676367240,+3.03,+25.067, +3.658,+1.044
1676367540,+3.03,+25.059, +3.524,+1.045
1676367840,+3.03,+25.017, +3.321,+1.044
1676368140,+3.03,+24.983, +3.186,+1.045
1676368440,+3.03,+24.966, +3.090,+1.045
1676368740,+3.03,+24.941, +3.075,+1.045
1676369040,+3.03,+24.941, +3.039,+1.045
1676369340,+3.03,+24.975, +3.006,+1.046
1676369640,+3.03,+24.975, +2.997,+1.045
1676369940,+3.03,+24.992, +2.990,+1.045
1676370240,+3.03,+25.017, +2.966,+1.045
1676370540,+3.03,+25.042, +2.934,+1.046
1676370840,+3.03,+25.059, +3.038,+1.045
1676371140,+3.03,+25.067, +3.152,+1.045
1676371440,+3.03,+25.067, +3.267,+1.045
1676371740,+3.03,+25.059, +3.373,+1.045
1676372040,+3.03,+25.076, +3.363,+1.045
1676372340,+3.03,+25.093, +3.363,+1.045
1676372640,+3.03,+25.101, +3.405,+1.045
1676372940,+3.03,+25.093, +3.385,+1.045
1676373240,+3.03,+25.076, +3.325,+1.045
1676373540,+3.03,+25.118, +3.269,+1.045
1676373840,+3.03,+25.118, +3.229,+1.045
1676374140,+3.03,+25.127, +3.169,+1.045
1676374440,+3.03,+25.135, +3.124,+1.046
1676374740,+3.03,+25.143, +3.071,+1.045
1676375040,+3.03,+25.169, +3.113,+1.045
1676375340,+3.03,+25.177, +3.246,+1.045
1676375640,+3.03,+25.177, +3.300,+1.045
1676375940,+3.03,+25.211, +3.289,+1.045
1676376240,+3.03,+25.219, +3.376,+1.045
1676376540,+3.03,+25.194, +3.514,+1.045
1676376840,+3.03,+25.261, +3.621,+1.044
1676377140,+3.02,+25.287, +3.703,+1.045
1676377440,+3.03,+25.388, +3.834,+1.045
1676377740,+3.03,+25.439, +3.968,+1.045
1676378040,+3.03,+25.447, +4.260,+1.043
1676378340,+3.03,+25.430, +4.548,+1.045
1676378640,+3.03,+25.371, +4.619,+1.045
1676378940,+3.03,+25.439, +4.610,+1.045
1676379240,+3.03,+25.447, +4.612,+1.045
1676379540,+3.03,+25.540, +4.642,+1.044
1676379840,+3.03,+25.658, +4.850,+1.045
1676380140,+3.03,+25.692, +5.043,+1.045
1676380440,+3.03,+25.641, +5.144,+1.044
1676380740,+3.03,+25.608, +5.275,+1.045
1676381040,+3.03,+25.650, +5.323,+1.045
1676381340,+3.03,+25.802, +5.954,+1.045
1676381640,+3.03,+25.853, +6.392,+1.046
1676381940,+3.03,+25.912, +6.532,+1.045
1676382240,+3.03,+25.946, +6.619,+1.046
1676382540,+3.02,+25.996, +6.744,+1.046
1676382840,+3.03,+26.013, +6.857,+1.045
1676383140,+3.03,+26.056, +6.826,+1.045
1676383440,+3.03,+26.174, +6.808,+1.046
1676383740,+3.03,+26.276, +6.830,+1.046
1676384040,+3.02,+26.318, +6.917,+1.046
1676384340,+3.03,+26.344, +6.969,+1.047
1676384640,+3.03,+26.233, +6.909,+1.045
1676384940,+3.03,+25.996, +6.804,+1.045
1676385240,+3.03,+25.709, +6.524,+1.045
1676385540,+3.03,+25.633, +6.218,+1.047
1676385840,+3.03,+25.734, +6.226,+1.045
1676386140,+3.03,+25.760, +6.429,+1.046
1676386440,+3.02,+25.853, +6.593,+1.045
1676386740,+3.03,+25.861, +6.690,+1.046
1676387040,+3.03,+25.895, +6.732,+1.046
1676387340,+3.02,+25.912, +6.800,+1.047
1676387640,+3.03,+25.920, +6.863,+1.047
1676387940,+3.03,+25.903, +6.834,+1.046
1676388240,+3.03,+25.878, +6.785,+1.047
1676388540,+3.03,+25.853, +6.722,+1.045
1676388840,+3.03,+25.870, +6.683,+1.047
1676389140,+3.03,+25.954, +6.644,+1.046
1676389440,+3.03,+25.980, +6.620,+1.045
1676389740,+3.03,+25.903, +6.652,+1.046
1676390040,+3.03,+25.937, +6.598,+1.045
1676390340,+3.03,+26.030, +6.870,+1.046
1676390640,+3.03,+26.115, +7.192,+1.046
1676390940,+3.03,+26.166, +7.340,+1.047
1676391240,+3.03,+26.259, +7.414,+1.045
1676391540,+3.02,+26.301, +7.521,+1.047
1676391840,+3.02,+26.361, +7.571,+1.046
1676392140,+3.03,+26.369, +7.559,+1.047
1676392440,+3.02,+26.386, +7.565,+1.047
1676392740,+3.02,+26.386, +7.567,+1.045
1676393040,+3.02,+26.411, +7.598,+1.046
1676393340,+3.02,+26.445, +7.636,+1.049
