7392-538280
OS REV: 1.11 Sensor Cal: 1466698825
Time (sec),  BV (Volts),  T (deg C),  DO (mg/l),  Q ()
1679756280,+3.02,+24.377, +5.282,+1.042
1679756580,+3.02,+24.369, +5.586,+1.043
1679756880,+3.02,+24.377, +5.707,+1.043
1679757180,+3.02,+24.369, +5.865,+1.043
1679757480,+3.02,+24.343, +6.141,+1.042
1679757780,+3.02,+24.352, +6.592,+1.044
1679758080,+3.02,+24.327, +6.733,+1.044
1679758380,+3.02,+24.318, +6.788,+1.043
1679758680,+3.02,+24.385, +7.113,+1.044
1679758980,+3.02,+24.419, +7.279,+1.046
1679759280,+3.02,+24.427, +7.035,+1.044
1679759580,+3.02,+24.402, +6.991,+1.044
1679759880,+3.02,+24.444, +7.083,+1.044
1679760180,+3.02,+24.486, +7.070,+1.043
1679760480,+3.02,+24.562, +6.967,+1.045
1679760780,+3.02,+24.604, +6.926,+1.043
1679761080,+3.02,+24.705, +7.244,+1.045
1679761380,+3.02,+24.722, +7.298,+1.044
1679761680,+3.02,+24.764, +7.320,+1.044
1679761980,+3.02,+24.747, +7.335,+1.045
1679762280,+3.02,+24.722, +7.363,+1.044
1679762580,+3.02,+24.756, +7.450,+1.043
1679762880,+3.02,+24.756, +7.568,+1.044
1679763180,+3.02,+24.773, +7.539,+1.044
1679763480,+3.02,+24.832, +7.612,+1.045
1679763780,+3.02,+24.815, +7.650,+1.044
1679764080,+3.02,+24.798, +7.654,+1.045
1679764380,+3.02,+24.789, +7.503,+1.043
1679764680,+3.02,+24.806, +7.539,+1.044
1679764980,+3.02,+24.781, +7.462,+1.044
1679765280,+3.02,+24.781, +7.484,+1.044
1679765580,+3.02,+24.781, +7.409,+1.044
1679765880,+3.02,+24.764, +7.319,+1.044
1679766180,+3.02,+24.697, +7.209,+1.043
1679766480,+3.02,+24.739, +7.213,+1.044
1679766780,+3.02,+24.646, +7.186,+1.045
1679767080,+3.02,+24.655, +7.123,+1.043
1679767380,+3.02,+24.638, +7.126,+1.043
1679767680,+3.02,+24.722, +7.150,+1.046
1679767980,+3.02,+24.832, +7.252,+1.045
1679768280,+3.02,+24.899, +7.292,+1.044
1679768580,+3.02,+24.907, +7.223,+1.043
1679768880,+3.02,+24.933, +7.119,+1.045
1679769180,+3.02,+24.747, +7.134,+1.043
1679769480,+3.02,+24.714, +7.171,+1.044
1679769780,+3.02,+24.756, +7.202,+1.045
1679770080,+3.02,+24.806, +7.121,+1.044
1679770380,+3.02,+24.848, +7.027,+1.044
1679770680,+3.02,+24.857, +6.884,+1.044
1679770980,+3.02,+24.806, +6.727,+1.043
1679771280,+3.02,+24.739, +6.611,+1.044
1679771580,+3.02,+24.714, +6.566,+1.043
1679771880,+3.02,+24.773, +6.599,+1.044
1679772180,+3.02,+24.806, +6.550,+1.044
1679772480,+3.02,+24.815, +6.462,+1.044
1679772780,+3.02,+24.848, +6.510,+1.045
1679773080,+3.02,+24.865, +7.112,+1.045
1679773380,+3.02,+24.899, +7.559,+1.044
1679773680,+3.02,+24.899, +7.787,+1.045
1679773980,+3.02,+24.832, +7.761,+1.044
1679774280,+3.02,+24.840, +7.763,+1.044
1679774580,+3.02,+24.848, +7.783,+1.045
1679774880,+3.02,+24.840, +7.869,+1.044
1679775180,+3.02,+24.857, +7.871,+1.044
1679775480,+3.02,+24.848, +7.854,+1.044
1679775780,+3.02,+24.815, +7.778,+1.044
1679776080,+3.02,+24.848, +7.710,+1.046
1679776380,+3.02,+24.899, +7.863,+1.045
1679776680,+3.02,+24.832, +7.673,+1.043
1679776980,+3.02,+24.857, +7.720,+1.045
1679777280,+3.02,+24.815, +7.679,+1.044
1679777580,+3.02,+24.756, +7.604,+1.045
1679777880,+3.02,+24.823, +7.490,+1.045
1679778180,+3.02,+24.832, +7.441,+1.044
1679778480,+3.02,+24.806, +7.434,+1.045
1679778780,+3.02,+24.747, +7.385,+1.043
1679779080,+3.02,+24.739, +7.420,+1.045
1679779380,+3.02,+24.789, +7.396,+1.044
1679779680,+3.02,+24.857, +7.366,+1.045
1679779980,+3.02,+24.840, +7.465,+1.045
1679780280,+3.02,+24.848, +7.423,+1.044
1679780580,+3.02,+24.916, +7.424,+1.044
1679780880,+3.02,+24.840, +7.435,+1.044
1679781180,+3.02,+24.697, +7.373,+1.045
1679781480,+3.02,+24.655, +7.406,+1.045
1679781780,+3.02,+24.815, +7.540,+1.045
1679782080,+3.02,+24.832, +7.502,+1.043
1679782380,+3.02,+24.798, +7.545,+1.043
1679782680,+3.02,+24.764, +7.459,+1.044
1679782980,+3.02,+24.857, +7.431,+1.044
1679783280,+3.02,+24.933, +7.371,+1.044
1679783580,+3.02,+24.865, +7.313,+1.046
1679783880,+3.02,+24.764, +7.128,+1.043
1679784180,+3.02,+24.848, +6.996,+1.044
1679784480,+3.02,+24.865, +6.861,+1.043
1679784780,+3.02,+24.815, +6.741,+1.044
1679785080,+3.02,+24.781, +6.580,+1.043
1679785380,+3.02,+24.815, +6.427,+1.044
1679785680,+3.02,+24.806, +6.248,+1.044
1679785980,+3.02,+24.680, +6.076,+1.043
1679786280,+3.02,+24.554, +5.918,+1.043
1679786580,+3.02,+24.512, +5.789,+1.044
1679786880,+3.02,+24.470, +5.638,+1.044
1679787180,+3.02,+24.436, +5.527,+1.044
1679787480,+3.02,+24.402, +5.431,+1.043
1679787780,+3.02,+24.444, +5.338,+1.044
1679788080,+3.02,+24.478, +5.210,+1.043
1679788380,+3.02,+24.503, +5.073,+1.043
1679788680,+3.02,+24.486, +4.943,+1.043
1679788980,+3.02,+24.486, +4.811,+1.043
1679789280,+3.02,+24.537, +4.678,+1.043
1679789580,+3.02,+24.545, +4.544,+1.043
1679789880,+3.02,+24.528, +4.423,+1.043
1679790180,+3.02,+24.537, +4.310,+1.042
1679790480,+3.02,+24.554, +4.241,+1.042
1679790780,+3.02,+24.562, +4.164,+1.042
1679791080,+3.02,+24.554, +4.073,+1.042
1679791380,+3.02,+24.528, +3.961,+1.042
1679791680,+3.02,+24.562, +3.827,+1.041
1679791980,+3.02,+24.528, +3.730,+1.041
1679792280,+3.02,+24.528, +3.631,+1.041
1679792580,+3.02,+24.301, +3.503,+1.041
1679792880,+3.02,+24.242, +3.422,+1.042
1679793180,+3.02,+24.200, +3.355,+1.042
1679793480,+3.02,+24.209, +3.266,+1.042
1679793780,+3.02,+24.167, +3.174,+1.042
1679794080,+3.02,+24.167, +3.303,+1.043
1679794380,+3.02,+24.184, +3.473,+1.043
1679794680,+3.02,+24.133, +3.556,+1.043
1679794980,+3.02,+24.108, +3.604,+1.042
1679795280,+3.02,+24.158, +3.633,+1.042
1679795580,+3.02,+24.200, +3.619,+1.043
1679795880,+3.02,+24.234, +3.652,+1.042
1679796180,+3.02,+24.226, +3.707,+1.043
1679796480,+3.02,+24.192, +3.721,+1.043
1679796780,+3.02,+24.200, +3.710,+1.043
1679797080,+3.02,+24.234, +3.645,+1.042
1679797380,+3.02,+24.226, +3.578,+1.043
1679797680,+3.02,+24.259, +3.491,+1.044
1679797980,+3.02,+24.335, +3.400,+1.044
1679798280,+3.02,+24.411, +3.306,+1.044
1679798580,+3.02,+24.444, +3.202,+1.043
1679798880,+3.02,+24.369, +3.092,+1.043
1679799180,+3.02,+24.318, +2.991,+1.043
1679799480,+3.02,+24.293, +2.894,+1.044
1679799780,+3.02,+24.293, +2.795,+1.042
1679800080,+3.02,+24.259, +2.704,+1.042
1679800380,+3.02,+24.133, +2.636,+1.042
1679800680,+3.02,+24.150, +2.744,+1.041
1679800980,+3.02,+24.150, +3.224,+1.039
1679801280,+3.02,+24.234, +3.761,+1.041
1679801580,+3.02,+24.125, +4.019,+1.042
1679801880,+3.02,+24.276, +4.304,+1.043
1679802180,+3.02,+24.343, +4.431,+1.043
1679802480,+3.02,+24.369, +4.587,+1.042
1679802780,+3.02,+24.369, +4.595,+1.042
1679803080,+3.02,+24.360, +4.518,+1.042
1679803380,+3.02,+24.411, +4.513,+1.043
1679803680,+3.02,+24.411, +4.551,+1.043
1679803980,+3.02,+24.419, +4.507,+1.042
1679804280,+3.02,+24.411, +4.467,+1.043
1679804580,+3.02,+24.394, +4.418,+1.043
1679804880,+3.02,+24.411, +4.431,+1.042
1679805180,+3.02,+24.385, +4.416,+1.041
1679805480,+3.02,+24.394, +4.356,+1.042
1679805780,+3.02,+24.385, +4.255,+1.041
1679806080,+3.02,+24.377, +4.141,+1.041
1679806380,+3.02,+24.385, +4.042,+1.042
1679806680,+3.02,+24.377, +3.949,+1.041
1679806980,+3.02,+24.343, +3.836,+1.042
1679807280,+3.02,+24.369, +3.733,+1.042
1679807580,+3.02,+24.327, +3.646,+1.041
1679807880,+3.02,+24.327, +3.638,+1.042
1679808180,+3.02,+24.293, +3.628,+1.042
1679808480,+3.02,+24.318, +3.658,+1.041
1679808780,+3.02,+24.343, +3.706,+1.041
1679809080,+3.02,+24.335, +3.717,+1.041
1679809380,+3.02,+24.343, +3.711,+1.041
1679809680,+3.02,+24.377, +3.682,+1.042
1679809980,+3.02,+24.394, +3.636,+1.041
1679810280,+3.02,+24.411, +3.619,+1.042
1679810580,+3.02,+24.427, +3.647,+1.042
1679810880,+3.02,+24.436, +5.421,+1.042
1679811180,+3.02,+24.478, +6.427,+1.042
1679811480,+3.02,+24.503, +6.948,+1.043
1679811780,+3.02,+24.486, +7.090,+1.044
1679812080,+3.02,+24.461, +7.137,+1.045
1679812380,+3.02,+24.470, +7.153,+1.044
1679812680,+3.02,+24.486, +7.242,+1.044
1679812980,+3.02,+24.512, +7.542,+1.044
1679813280,+3.02,+24.478, +7.517,+1.043
1679813580,+3.02,+24.503, +7.429,+1.045
1679813880,+3.02,+24.512, +7.390,+1.045
1679814180,+3.02,+24.554, +7.406,+1.044
1679814480,+3.02,+24.579, +7.381,+1.043
1679814780,+3.02,+24.655, +7.428,+1.044
1679815080,+3.02,+24.714, +7.503,+1.044
1679815380,+3.02,+24.739, +7.548,+1.044
1679815680,+3.02,+24.764, +7.520,+1.044
1679815980,+3.02,+24.773, +7.488,+1.043
1679816280,+3.02,+24.764, +7.501,+1.045
1679816580,+3.02,+24.773, +7.499,+1.044
1679816880,+3.02,+24.806, +7.371,+1.044
1679817180,+3.02,+24.798, +7.350,+1.045
1679817480,+3.02,+24.865, +7.431,+1.044
1679817780,+3.02,+24.874, +7.426,+1.043
1679818080,+3.02,+24.840, +7.406,+1.043
1679818380,+3.02,+24.857, +7.370,+1.043
1679818680,+3.02,+24.857, +7.387,+1.044
1679818980,+3.02,+24.857, +7.399,+1.043
1679819280,+3.02,+24.891, +7.416,+1.045
1679819580,+3.02,+24.907, +7.365,+1.045
1679819880,+3.02,+24.891, +7.338,+1.045
1679820180,+3.02,+25.093, +7.418,+1.046
1679820480,+3.02,+25.194, +7.469,+1.045
1679820780,+3.02,+25.160, +7.421,+1.045
1679821080,+3.02,+25.118, +7.413,+1.045
1679821380,+3.02,+25.194, +7.461,+1.045
1679821680,+3.02,+25.304, +7.457,+1.045
1679821980,+3.02,+25.371, +7.459,+1.045
1679822280,+3.02,+25.396, +7.493,+1.045
1679822580,+3.02,+25.413, +7.477,+1.044
1679822880,+3.02,+25.439, +7.499,+1.046
1679823180,+3.02,+25.329, +7.461,+1.045
1679823480,+3.02,+25.287, +7.393,+1.045
1679823780,+3.02,+25.270, +7.355,+1.045
1679824080,+3.02,+25.253, +7.322,+1.045
1679824380,+3.02,+25.295, +7.355,+1.044
1679824680,+3.02,+25.337, +7.357,+1.044
1679824980,+3.02,+25.354, +7.364,+1.045
1679825280,+3.02,+25.329, +7.327,+1.044
1679825580,+3.02,+25.363, +7.314,+1.044
1679825880,+3.02,+25.346, +7.323,+1.045
1679826180,+3.02,+25.388, +7.394,+1.044
1679826480,+3.02,+25.371, +7.424,+1.045
1679826780,+3.02,+25.337, +7.399,+1.044
1679827080,+3.02,+25.371, +7.442,+1.043
1679827380,+3.02,+25.354, +7.490,+1.045
1679827680,+3.02,+25.354, +7.546,+1.044
1679827980,+3.02,+25.354, +7.623,+1.045
1679828280,+3.02,+25.304, +7.535,+1.044
1679828580,+3.02,+25.287, +7.523,+1.044
1679828880,+3.02,+25.278, +7.502,+1.044
1679829180,+3.02,+25.287, +7.473,+1.044
1679829480,+3.02,+25.287, +7.471,+1.044
1679829780,+3.02,+25.261, +7.477,+1.044
1679830080,+3.02,+25.287, +7.500,+1.045
1679830380,+3.02,+25.304, +7.521,+1.044
1679830680,+3.02,+25.337, +7.533,+1.045
1679830980,+3.02,+25.321, +7.523,+1.045
1679831280,+3.02,+25.312, +7.517,+1.045
1679831580,+3.02,+25.371, +7.454,+1.046
1679831880,+3.02,+25.380, +7.467,+1.044
1679832180,+3.02,+25.388, +7.476,+1.043
1679832480,+3.02,+25.363, +7.427,+1.045
1679832780,+3.02,+25.380, +7.487,+1.046
1679833080,+3.02,+25.363, +7.525,+1.045
1679833380,+3.02,+25.388, +7.568,+1.046
1679833680,+3.02,+25.396, +7.527,+1.045
1679833980,+3.02,+25.388, +7.521,+1.043
1679834280,+3.02,+25.380, +7.553,+1.045
1679834580,+3.02,+25.388, +7.563,+1.045
1679834880,+3.02,+25.405, +7.589,+1.045
1679835180,+3.02,+25.405, +7.642,+1.044
1679835480,+3.02,+25.396, +7.644,+1.044
1679835780,+3.02,+25.413, +7.603,+1.044
1679836080,+3.02,+25.422, +7.585,+1.044
1679836380,+3.02,+25.447, +7.640,+1.043
1679836680,+3.02,+25.439, +7.693,+1.044
1679836980,+3.02,+25.481, +7.727,+1.045
1679837280,+3.02,+25.472, +7.743,+1.045
1679837580,+3.02,+25.515, +7.752,+1.045
1679837880,+3.02,+25.523, +7.753,+1.045
1679838180,+3.02,+25.548, +7.783,+1.046
1679838480,+3.02,+25.557, +7.870,+1.046
1679838780,+3.02,+25.591, +7.881,+1.045
1679839080,+3.02,+25.616, +7.842,+1.045
1679839380,+3.02,+25.616, +7.823,+1.045
1679839680,+3.02,+25.633, +7.916,+1.045
1679839980,+3.02,+25.616, +7.908,+1.046
1679840280,+3.02,+25.616, +7.936,+1.046
1679840580,+3.02,+25.650, +7.901,+1.044
1679840880,+3.02,+25.641, +7.897,+1.044
1679841180,+3.02,+25.641, +7.934,+1.044
1679841480,+3.02,+25.650, +7.957,+1.046
1679841780,+3.02,+25.675, +7.940,+1.044
1679842080,+3.02,+25.675, +7.935,+1.045
1679842380,+3.02,+25.709, +7.955,+1.045
1679842680,+3.02,+25.726, +7.950,+1.045
