7392-538280
OS REV: 1.11 Sensor Cal: 1466698825
Time (sec),  BV (Volts),  T (deg C),  DO (mg/l),  Q ()
1673194200,+3.05,+22.212, +6.270,+1.044
1673194500,+3.05,+22.228, +6.241,+1.043
1673194800,+3.05,+22.220, +6.181,+1.042
1673195100,+3.05,+22.220, +6.142,+1.043
1673195400,+3.05,+22.245, +6.098,+1.042
1673195700,+3.05,+22.237, +6.063,+1.043
1673196000,+3.05,+22.228, +6.023,+1.043
1673196300,+3.05,+22.212, +5.989,+1.044
1673196600,+3.05,+22.220, +5.916,+1.043
1673196900,+3.05,+22.203, +5.841,+1.042
1673197200,+3.05,+22.237, +5.784,+1.042
1673197500,+3.05,+22.237, +5.718,+1.043
1673197800,+3.05,+22.245, +5.613,+1.044
1673198100,+3.05,+22.245, +5.505,+1.042
1673198400,+3.05,+22.254, +5.447,+1.043
1673198700,+3.05,+22.262, +5.404,+1.043
1673199000,+3.05,+22.254, +5.341,+1.043
1673199300,+3.05,+22.262, +5.410,+1.043
1673199600,+3.05,+22.279, +5.539,+1.043
1673199900,+3.05,+22.262, +5.593,+1.042
1673200200,+3.05,+22.304, +5.631,+1.042
1673200500,+3.05,+22.304, +5.636,+1.043
1673200800,+3.05,+22.312, +5.634,+1.042
1673201100,+3.05,+22.312, +5.636,+1.044
1673201400,+3.05,+22.304, +5.562,+1.042
1673201700,+3.05,+22.312, +5.661,+1.044
1673202000,+3.05,+22.295, +5.799,+1.044
1673202300,+3.05,+22.321, +5.808,+1.043
1673202600,+3.05,+22.304, +5.806,+1.043
1673202900,+3.05,+22.304, +5.813,+1.044
1673203200,+3.05,+22.304, +5.809,+1.042
1673203500,+3.05,+22.287, +5.845,+1.042
1673203800,+3.05,+22.287, +6.080,+1.043
1673204100,+3.05,+22.279, +6.186,+1.042
1673204400,+3.05,+22.279, +6.207,+1.043
1673204700,+3.05,+22.312, +6.147,+1.043
1673205000,+3.05,+22.312, +6.108,+1.042
1673205300,+3.05,+22.312, +6.118,+1.044
1673205600,+3.05,+22.329, +6.114,+1.044
1673205900,+3.05,+22.321, +6.093,+1.043
1673206200,+3.05,+22.337, +6.061,+1.043
1673206500,+3.05,+22.354, +6.012,+1.042
1673206800,+3.05,+22.321, +6.194,+1.043
1673207100,+3.05,+22.312, +6.263,+1.044
1673207400,+3.05,+22.321, +6.240,+1.042
1673207700,+3.05,+22.346, +6.210,+1.043
1673208000,+3.05,+22.362, +6.115,+1.042
1673208300,+3.05,+22.346, +6.079,+1.043
1673208600,+3.05,+22.354, +6.047,+1.042
1673208900,+3.05,+22.362, +6.060,+1.043
1673209200,+3.05,+22.346, +6.076,+1.044
1673209500,+3.05,+22.337, +6.156,+1.043
1673209800,+3.05,+22.321, +6.217,+1.043
1673210100,+3.05,+22.287, +6.221,+1.043
1673210400,+3.05,+22.279, +6.173,+1.043
1673210700,+3.05,+22.245, +6.115,+1.043
1673211000,+3.05,+22.220, +6.095,+1.044
1673211300,+3.05,+22.237, +6.048,+1.042
1673211600,+3.05,+22.220, +6.039,+1.043
1673211900,+3.05,+22.220, +6.009,+1.044
1673212200,+3.05,+22.245, +5.948,+1.042
1673212500,+3.05,+22.237, +5.932,+1.043
1673212800,+3.05,+22.203, +6.101,+1.043
1673213100,+3.05,+22.212, +6.097,+1.042
1673213400,+3.05,+22.153, +6.031,+1.041
1673213700,+3.05,+22.136, +5.898,+1.044
1673214000,+3.05,+22.136, +5.789,+1.043
1673214300,+3.05,+22.136, +5.726,+1.044
1673214600,+3.05,+22.178, +5.600,+1.043
1673214900,+3.05,+22.170, +5.526,+1.043
1673215200,+3.05,+22.170, +5.493,+1.042
1673215500,+3.05,+22.153, +5.530,+1.043
1673215800,+3.05,+22.161, +5.544,+1.043
1673216100,+3.05,+22.186, +5.517,+1.042
1673216400,+3.05,+22.161, +5.511,+1.043
1673216700,+3.05,+22.186, +5.535,+1.043
1673217000,+3.05,+22.161, +5.527,+1.043
1673217300,+3.05,+22.119, +5.507,+1.043
1673217600,+3.05,+22.111, +5.469,+1.043
1673217900,+3.05,+22.119, +5.426,+1.044
1673218200,+3.05,+22.145, +5.329,+1.044
1673218500,+3.05,+22.153, +5.244,+1.043
1673218800,+3.05,+22.136, +5.203,+1.043
1673219100,+3.05,+22.178, +5.257,+1.043
1673219400,+3.05,+22.170, +5.485,+1.043
1673219700,+3.05,+22.145, +5.549,+1.043
1673220000,+3.05,+22.128, +5.491,+1.043
1673220300,+3.05,+22.128, +5.458,+1.043
1673220600,+3.05,+22.119, +5.410,+1.043
1673220900,+3.05,+22.119, +5.366,+1.043
1673221200,+3.05,+22.119, +5.314,+1.042
1673221500,+3.05,+22.094, +5.266,+1.043
1673221800,+3.05,+22.086, +5.264,+1.045
1673222100,+3.05,+22.094, +5.188,+1.043
1673222400,+3.05,+22.094, +5.160,+1.043
1673222700,+3.05,+22.086, +5.131,+1.043
1673223000,+3.05,+22.094, +5.092,+1.043
1673223300,+3.05,+22.103, +5.040,+1.042
1673223600,+3.05,+22.086, +4.984,+1.042
1673223900,+3.05,+22.094, +4.953,+1.043
1673224200,+3.05,+22.094, +4.960,+1.043
1673224500,+3.05,+22.086, +4.934,+1.043
1673224800,+3.05,+22.111, +4.958,+1.044
1673225100,+3.05,+22.111, +4.997,+1.043
1673225400,+3.05,+22.111, +5.011,+1.043
1673225700,+3.05,+22.103, +5.039,+1.043
1673226000,+3.05,+22.103, +5.090,+1.043
1673226300,+3.05,+22.103, +5.157,+1.044
1673226600,+3.05,+22.119, +5.220,+1.043
1673226900,+3.05,+22.103, +5.225,+1.043
1673227200,+3.05,+22.128, +5.243,+1.044
1673227500,+3.05,+22.103, +5.230,+1.043
1673227800,+3.05,+22.111, +5.211,+1.043
1673228100,+3.05,+22.119, +5.193,+1.043
1673228400,+3.05,+22.111, +5.217,+1.043
1673228700,+3.05,+22.111, +5.234,+1.043
1673229000,+3.05,+22.103, +5.259,+1.043
1673229300,+3.05,+22.128, +5.244,+1.042
1673229600,+3.05,+22.128, +5.270,+1.043
1673229900,+3.05,+22.145, +5.284,+1.043
1673230200,+3.05,+22.145, +5.285,+1.043
1673230500,+3.05,+22.111, +5.277,+1.043
1673230800,+3.05,+22.128, +5.260,+1.043
1673231100,+3.05,+22.145, +5.216,+1.043
1673231400,+3.05,+22.203, +5.651,+1.042
1673231700,+3.05,+22.203, +6.178,+1.043
1673232000,+3.05,+22.220, +6.340,+1.042
1673232300,+3.05,+22.212, +6.417,+1.042
1673232600,+3.05,+22.212, +6.591,+1.042
1673232900,+3.05,+22.212, +6.582,+1.043
1673233200,+3.05,+22.220, +6.523,+1.043
1673233500,+3.05,+22.212, +6.538,+1.043
1673233800,+3.05,+22.203, +6.500,+1.041
1673234100,+3.05,+22.186, +6.515,+1.042
1673234400,+3.05,+22.203, +6.646,+1.043
1673234700,+3.05,+22.203, +6.658,+1.043
1673235000,+3.05,+22.228, +6.630,+1.042
1673235300,+3.05,+22.186, +6.544,+1.042
1673235600,+3.05,+22.178, +6.462,+1.044
1673235900,+3.05,+22.145, +6.288,+1.042
1673236200,+3.05,+22.136, +6.041,+1.042
1673236500,+3.05,+22.128, +5.924,+1.044
1673236800,+3.05,+22.094, +5.736,+1.043
1673237100,+3.05,+22.103, +5.549,+1.043
1673237400,+3.05,+22.111, +5.627,+1.042
1673237700,+3.05,+22.128, +5.650,+1.043
1673238000,+3.05,+22.111, +5.627,+1.042
1673238300,+3.05,+22.119, +5.633,+1.044
1673238600,+3.05,+22.119, +5.636,+1.043
1673238900,+3.04,+22.103, +5.582,+1.042
1673239200,+3.05,+22.094, +5.557,+1.042
1673239500,+3.05,+22.086, +5.548,+1.044
1673239800,+3.05,+22.111, +5.580,+1.043
1673240100,+3.04,+22.086, +5.577,+1.043
1673240400,+3.05,+22.145, +5.777,+1.043
1673240700,+3.05,+22.136, +5.852,+1.042
1673241000,+3.05,+22.111, +5.844,+1.043
1673241300,+3.05,+22.128, +5.799,+1.043
1673241600,+3.05,+22.119, +5.729,+1.042
1673241900,+3.05,+22.119, +5.675,+1.042
1673242200,+3.05,+22.103, +5.645,+1.044
1673242500,+3.05,+22.094, +5.598,+1.042
1673242800,+3.05,+22.094, +5.554,+1.042
1673243100,+3.05,+22.086, +5.512,+1.042
1673243400,+3.05,+22.094, +5.494,+1.044
1673243700,+3.05,+22.111, +5.452,+1.042
1673244000,+3.05,+22.086, +5.419,+1.044
1673244300,+3.05,+22.077, +5.371,+1.042
1673244600,+3.05,+22.086, +5.358,+1.043
1673244900,+3.05,+22.111, +5.368,+1.043
1673245200,+3.05,+22.094, +5.354,+1.043
1673245500,+3.05,+22.077, +5.375,+1.044
1673245800,+3.05,+22.086, +5.383,+1.043
1673246100,+3.05,+22.069, +5.356,+1.042
1673246400,+3.05,+22.061, +5.351,+1.043
1673246700,+3.05,+22.094, +5.325,+1.043
1673247000,+3.05,+22.103, +5.294,+1.044
1673247300,+3.05,+22.086, +5.268,+1.043
1673247600,+3.05,+22.094, +5.251,+1.043
1673247900,+3.05,+22.103, +5.221,+1.043
1673248200,+3.05,+22.086, +5.198,+1.043
1673248500,+3.05,+22.086, +5.183,+1.042
1673248800,+3.05,+22.094, +5.277,+1.043
1673249100,+3.05,+22.119, +5.300,+1.043
1673249400,+3.05,+22.086, +5.339,+1.042
1673249700,+3.05,+22.069, +5.362,+1.043
1673250000,+3.05,+22.077, +5.344,+1.043
1673250300,+3.05,+22.069, +5.312,+1.043
1673250600,+3.05,+22.077, +5.278,+1.043
1673250900,+3.05,+22.069, +5.309,+1.045
1673251200,+3.05,+22.061, +5.304,+1.043
1673251500,+3.05,+22.069, +5.292,+1.043
1673251800,+3.05,+22.052, +5.267,+1.043
1673252100,+3.05,+22.069, +5.225,+1.043
1673252400,+3.05,+22.077, +5.187,+1.042
1673252700,+3.05,+22.077, +5.154,+1.044
1673253000,+3.05,+22.094, +5.110,+1.044
1673253300,+3.05,+22.086, +5.086,+1.043
1673253600,+3.05,+22.069, +5.207,+1.043
1673253900,+3.05,+22.086, +5.506,+1.043
1673254200,+3.05,+22.094, +5.587,+1.043
1673254500,+3.05,+22.077, +5.574,+1.042
1673254800,+3.05,+22.086, +5.565,+1.043
1673255100,+3.05,+22.069, +5.528,+1.043
1673255400,+3.05,+22.069, +5.480,+1.043
1673255700,+3.05,+22.069, +5.531,+1.043
1673256000,+3.05,+22.061, +5.794,+1.042
1673256300,+3.05,+22.069, +5.821,+1.044
1673256600,+3.05,+22.077, +5.761,+1.044
1673256900,+3.05,+22.086, +5.731,+1.043
1673257200,+3.05,+22.052, +5.925,+1.043
1673257500,+3.05,+22.061, +5.880,+1.043
1673257800,+3.05,+22.069, +5.829,+1.043
1673258100,+3.05,+22.069, +5.792,+1.042
1673258400,+3.05,+22.061, +5.776,+1.043
1673258700,+3.05,+22.061, +5.804,+1.042
1673259000,+3.05,+22.061, +5.817,+1.043
1673259300,+3.05,+22.052, +5.904,+1.042
1673259600,+3.05,+22.052, +5.941,+1.043
1673259900,+3.05,+22.069, +5.913,+1.043
1673260200,+3.05,+22.036, +5.921,+1.043
1673260500,+3.05,+22.052, +5.981,+1.043
1673260800,+3.05,+22.069, +5.959,+1.043
1673261100,+3.05,+22.052, +5.926,+1.042
1673261400,+3.05,+22.077, +5.947,+1.042
1673261700,+3.05,+22.069, +5.973,+1.043
1673262000,+3.05,+22.077, +5.957,+1.042
1673262300,+3.05,+22.069, +5.966,+1.042
1673262600,+3.05,+22.069, +6.067,+1.042
1673262900,+3.05,+22.069, +6.205,+1.044
1673263200,+3.05,+22.077, +6.231,+1.042
1673263500,+3.05,+22.069, +6.225,+1.042
1673263800,+3.05,+22.069, +6.217,+1.043
1673264100,+3.05,+22.052, +6.215,+1.043
1673264400,+3.05,+22.061, +6.218,+1.043
1673264700,+3.05,+22.086, +6.169,+1.042
1673265000,+3.05,+22.069, +6.101,+1.043
1673265300,+3.05,+22.077, +6.043,+1.043
1673265600,+3.04,+22.052, +6.062,+1.043
1673265900,+3.05,+22.086, +6.050,+1.042
1673266200,+3.05,+22.052, +6.052,+1.042
1673266500,+3.05,+22.077, +6.053,+1.042
1673266800,+3.05,+22.069, +6.054,+1.043
1673267100,+3.05,+22.077, +6.026,+1.043
1673267400,+3.05,+22.086, +5.975,+1.042
1673267700,+3.05,+22.069, +5.944,+1.043
1673268000,+3.05,+22.086, +5.916,+1.043
1673268300,+3.05,+22.077, +5.901,+1.042
1673268600,+3.05,+22.077, +6.054,+1.043
1673268900,+3.04,+22.069, +6.187,+1.044
1673269200,+3.05,+22.052, +6.228,+1.043
1673269500,+3.05,+22.069, +6.230,+1.043
1673269800,+3.05,+22.044, +6.255,+1.043
1673270100,+3.05,+22.069, +6.269,+1.042
1673270400,+3.05,+22.069, +6.286,+1.043
1673270700,+3.05,+22.069, +6.284,+1.043
1673271000,+3.05,+22.069, +6.205,+1.043
1673271300,+3.05,+22.069, +6.163,+1.043
1673271600,+3.05,+22.069, +6.123,+1.042
1673271900,+3.05,+22.077, +6.082,+1.042
1673272200,+3.05,+22.044, +6.031,+1.043
1673272500,+3.05,+22.052, +5.983,+1.043
1673272800,+3.05,+22.077, +5.940,+1.043
1673273100,+3.05,+22.061, +5.906,+1.043
1673273400,+3.05,+22.019, +5.855,+1.042
1673273700,+3.05,+22.027, +5.848,+1.043
1673274000,+3.05,+22.044, +5.736,+1.042
1673274300,+3.05,+22.010, +5.695,+1.042
1673274600,+3.05,+22.019, +5.713,+1.043
1673274900,+3.05,+22.010, +5.745,+1.043
1673275200,+3.05,+22.027, +5.755,+1.043
1673275500,+3.05,+22.027, +5.798,+1.043
1673275800,+3.05,+22.019, +5.824,+1.043
1673276100,+3.05,+22.036, +5.811,+1.042
1673276400,+3.05,+22.010, +5.823,+1.042
1673276700,+3.05,+22.027, +5.826,+1.043
1673277000,+3.05,+22.002, +5.787,+1.043
1673277300,+3.05,+22.027, +5.770,+1.042
1673277600,+3.05,+22.027, +5.786,+1.042
1673277900,+3.05,+22.027, +5.807,+1.042
1673278200,+3.05,+22.027, +5.824,+1.042
1673278500,+3.05,+22.036, +5.798,+1.044
1673278800,+3.05,+22.027, +5.767,+1.043
1673279100,+3.05,+22.036, +5.774,+1.042
1673279400,+3.05,+22.036, +5.772,+1.043
1673279700,+3.05,+22.036, +5.790,+1.043
1673280000,+3.05,+22.036, +5.811,+1.043
1673280300,+3.05,+22.036, +5.801,+1.043
1673280600,+3.05,+22.036, +5.799,+1.044
