7392-538280
OS REV: 1.11 Sensor Cal: 1466698825
Time (sec),  BV (Volts),  T (deg C),  DO (mg/l),  Q ()
1680883380,+3.02,+23.419, +3.291,+1.041
1680883680,+3.02,+23.411, +3.246,+1.041
1680883980,+3.02,+23.428, +3.160,+1.041
1680884280,+3.02,+23.411, +3.199,+1.041
1680884580,+3.02,+23.411, +3.156,+1.041
1680884880,+3.02,+23.419, +3.217,+1.041
1680885180,+3.02,+23.402, +3.290,+1.041
1680885480,+3.02,+23.369, +3.385,+1.042
1680885780,+3.02,+23.402, +3.415,+1.041
1680886080,+3.02,+23.402, +3.448,+1.041
1680886380,+3.02,+23.402, +3.490,+1.040
1680886680,+3.02,+23.419, +3.438,+1.040
1680886980,+3.02,+23.402, +3.368,+1.041
1680887280,+3.02,+23.428, +3.272,+1.041
1680887580,+3.02,+23.394, +3.186,+1.040
1680887880,+3.02,+23.411, +3.067,+1.041
1680888180,+3.02,+23.394, +2.947,+1.040
1680888480,+3.02,+23.419, +2.847,+1.041
1680888780,+3.02,+23.436, +2.823,+1.040
1680889080,+3.02,+23.419, +3.004,+1.040
1680889380,+3.02,+23.402, +3.164,+1.041
1680889680,+3.02,+23.394, +3.299,+1.040
1680889980,+3.02,+23.394, +3.443,+1.040
1680890280,+3.02,+23.386, +3.634,+1.039
1680890580,+3.02,+23.386, +3.741,+1.041
1680890880,+3.02,+23.386, +3.758,+1.041
1680891180,+3.02,+23.369, +3.717,+1.041
1680891480,+3.02,+23.360, +3.702,+1.041
1680891780,+3.02,+23.360, +3.710,+1.041
1680892080,+3.02,+23.377, +3.718,+1.041
1680892380,+3.02,+23.386, +3.682,+1.041
1680892680,+3.02,+23.369, +3.648,+1.041
1680892980,+3.02,+23.377, +3.642,+1.040
1680893280,+3.02,+23.369, +3.599,+1.041
1680893580,+3.02,+23.369, +3.584,+1.041
1680893880,+3.02,+23.360, +3.569,+1.041
1680894180,+3.02,+23.369, +3.521,+1.041
1680894480,+3.02,+23.377, +3.418,+1.041
1680894780,+3.02,+23.352, +3.318,+1.040
1680895080,+3.02,+23.386, +3.200,+1.040
1680895380,+3.02,+23.386, +3.101,+1.040
1680895680,+3.02,+23.386, +2.993,+1.040
1680895980,+3.02,+23.369, +2.902,+1.040
1680896280,+3.02,+23.377, +2.859,+1.041
1680896580,+3.02,+23.369, +2.860,+1.041
1680896880,+3.02,+23.377, +2.852,+1.040
1680897180,+3.02,+23.369, +2.863,+1.041
1680897480,+3.02,+23.377, +2.942,+1.041
1680897780,+3.02,+23.386, +3.085,+1.040
1680898080,+3.02,+23.394, +3.374,+1.041
1680898380,+3.02,+23.402, +3.575,+1.041
1680898680,+3.02,+23.369, +3.732,+1.041
1680898980,+3.02,+23.394, +3.777,+1.041
1680899280,+3.02,+23.394, +3.760,+1.041
1680899580,+3.02,+23.394, +3.702,+1.041
1680899880,+3.02,+23.386, +3.656,+1.040
1680900180,+3.02,+23.377, +3.620,+1.041
1680900480,+3.02,+23.369, +3.572,+1.041
1680900780,+3.02,+23.377, +3.536,+1.040
1680901080,+3.02,+23.369, +3.518,+1.040
1680901380,+3.02,+23.352, +3.508,+1.040
1680901680,+3.02,+23.402, +3.558,+1.041
1680901980,+3.02,+23.369, +3.541,+1.041
1680902280,+3.02,+23.344, +3.485,+1.041
1680902580,+3.02,+23.369, +3.445,+1.041
1680902880,+3.02,+23.394, +3.446,+1.040
1680903180,+3.02,+23.369, +3.469,+1.041
1680903480,+3.02,+23.360, +3.466,+1.040
1680903780,+3.02,+23.360, +3.481,+1.041
1680904080,+3.02,+23.344, +3.534,+1.041
1680904380,+3.02,+23.369, +3.513,+1.041
1680904680,+3.02,+23.369, +3.502,+1.041
1680904980,+3.02,+23.369, +3.476,+1.041
1680905280,+3.02,+23.377, +3.473,+1.041
1680905580,+3.02,+23.335, +3.612,+1.041
1680905880,+3.02,+23.386, +3.789,+1.041
1680906180,+3.02,+23.369, +3.759,+1.042
1680906480,+3.02,+23.369, +3.664,+1.040
1680906780,+3.02,+23.369, +3.569,+1.041
1680907080,+3.02,+23.377, +3.462,+1.041
1680907380,+3.02,+23.352, +3.410,+1.040
1680907680,+3.02,+23.360, +3.463,+1.041
1680907980,+3.02,+23.360, +3.449,+1.041
1680908280,+3.02,+23.360, +3.478,+1.041
1680908580,+3.02,+23.352, +3.575,+1.041
1680908880,+3.02,+23.352, +3.596,+1.041
1680909180,+3.02,+23.335, +3.500,+1.040
1680909480,+3.02,+23.327, +3.381,+1.040
1680909780,+3.02,+23.360, +3.268,+1.041
1680910080,+3.02,+23.335, +3.220,+1.040
1680910380,+3.02,+23.352, +3.303,+1.041
1680910680,+3.02,+23.369, +3.327,+1.040
1680910980,+3.02,+23.327, +3.329,+1.040
1680911280,+3.02,+23.293, +3.321,+1.040
1680911580,+3.02,+23.352, +3.217,+1.040
1680911880,+3.02,+23.327, +3.102,+1.040
1680912180,+3.02,+23.335, +3.005,+1.041
1680912480,+3.02,+23.335, +2.882,+1.041
1680912780,+3.02,+23.319, +2.803,+1.040
1680913080,+3.02,+23.344, +2.725,+1.040
1680913380,+3.02,+23.327, +2.671,+1.041
1680913680,+3.02,+23.335, +2.646,+1.040
1680913980,+3.02,+23.344, +2.610,+1.040
1680914280,+3.02,+23.335, +2.615,+1.040
1680914580,+3.02,+23.335, +2.665,+1.040
1680914880,+3.02,+23.319, +2.623,+1.039
1680915180,+3.02,+23.327, +2.545,+1.039
1680915480,+3.02,+23.335, +2.527,+1.040
1680915780,+3.02,+23.344, +2.591,+1.039
1680916080,+3.02,+23.335, +2.606,+1.039
1680916380,+3.02,+23.327, +2.664,+1.039
1680916680,+3.02,+23.319, +2.686,+1.039
1680916980,+3.02,+23.302, +2.794,+1.039
1680917280,+3.02,+23.319, +2.929,+1.039
1680917580,+3.02,+23.293, +3.225,+1.039
1680917880,+3.02,+23.277, +3.357,+1.039
1680918180,+3.02,+23.310, +3.336,+1.040
1680918480,+3.02,+23.319, +3.291,+1.040
1680918780,+3.02,+23.310, +3.220,+1.040
1680919080,+3.02,+23.302, +3.237,+1.040
1680919380,+3.02,+23.310, +3.290,+1.040
1680919680,+3.02,+23.302, +3.281,+1.040
1680919980,+3.02,+23.302, +3.312,+1.040
1680920280,+3.02,+23.302, +3.421,+1.040
1680920580,+3.02,+23.293, +3.463,+1.040
1680920880,+3.02,+23.302, +3.473,+1.040
1680921180,+3.02,+23.293, +3.477,+1.040
1680921480,+3.02,+23.268, +3.386,+1.040
1680921780,+3.02,+23.285, +3.338,+1.040
1680922080,+3.02,+23.285, +3.458,+1.040
1680922380,+3.02,+23.285, +3.556,+1.041
1680922680,+3.02,+23.285, +3.565,+1.040
1680922980,+3.02,+23.285, +3.442,+1.040
1680923280,+3.02,+23.293, +3.314,+1.041
1680923580,+3.02,+23.268, +3.181,+1.041
1680923880,+3.02,+23.268, +3.050,+1.040
1680924180,+3.02,+23.260, +2.933,+1.040
1680924480,+3.02,+23.268, +2.894,+1.040
1680924780,+3.02,+23.277, +2.827,+1.040
1680925080,+3.02,+23.260, +2.741,+1.040
1680925380,+3.02,+23.268, +2.618,+1.039
1680925680,+3.02,+23.277, +2.487,+1.039
1680925980,+3.02,+23.285, +2.361,+1.039
1680926280,+3.02,+23.243, +2.244,+1.038
1680926580,+3.02,+23.243, +2.155,+1.038
1680926880,+3.02,+23.277, +2.042,+1.037
1680927180,+3.02,+23.243, +1.952,+1.037
1680927480,+3.02,+23.268, +1.867,+1.037
1680927780,+3.02,+23.243, +1.781,+1.036
1680928080,+3.02,+23.268, +1.705,+1.037
1680928380,+3.02,+23.251, +1.648,+1.036
1680928680,+3.02,+23.251, +1.633,+1.036
1680928980,+3.02,+23.235, +1.627,+1.035
1680929280,+3.02,+23.268, +1.622,+1.035
1680929580,+3.02,+23.251, +1.615,+1.035
1680929880,+3.02,+23.235, +1.562,+1.034
1680930180,+3.02,+23.243, +1.511,+1.033
1680930480,+3.02,+23.235, +1.520,+1.035
1680930780,+3.02,+23.243, +1.576,+1.034
1680931080,+3.02,+23.235, +1.637,+1.034
1680931380,+3.02,+23.277, +1.664,+1.035
1680931680,+3.02,+23.235, +1.751,+1.037
1680931980,+3.02,+23.243, +1.853,+1.037
1680932280,+3.02,+23.243, +1.917,+1.037
1680932580,+3.02,+23.226, +1.976,+1.037
1680932880,+3.02,+23.243, +2.044,+1.038
1680933180,+3.02,+23.235, +2.032,+1.037
1680933480,+3.02,+23.226, +2.162,+1.037
1680933780,+3.02,+23.260, +2.265,+1.037
1680934080,+3.02,+23.226, +2.386,+1.037
1680934380,+3.02,+23.218, +2.448,+1.037
1680934680,+3.02,+23.226, +2.500,+1.037
1680934980,+3.02,+23.218, +2.564,+1.037
1680935280,+3.02,+23.226, +2.566,+1.037
1680935580,+3.02,+23.218, +2.578,+1.038
1680935880,+3.02,+23.235, +2.619,+1.037
1680936180,+3.02,+23.218, +2.667,+1.038
1680936480,+3.02,+23.218, +2.734,+1.038
1680936780,+3.02,+23.226, +2.741,+1.038
1680937080,+3.02,+23.226, +2.771,+1.038
1680937380,+3.02,+23.209, +2.802,+1.039
1680937680,+3.02,+23.209, +2.746,+1.038
1680937980,+3.02,+23.209, +2.621,+1.037
1680938280,+3.02,+23.243, +2.625,+1.038
1680938580,+3.02,+23.193, +2.756,+1.038
1680938880,+3.02,+23.218, +2.936,+1.039
1680939180,+3.02,+23.201, +3.108,+1.039
1680939480,+3.02,+23.201, +3.285,+1.039
1680939780,+3.02,+23.209, +3.230,+1.039
1680940080,+3.02,+23.201, +3.090,+1.039
1680940380,+3.02,+23.201, +2.973,+1.039
1680940680,+3.02,+23.209, +2.839,+1.039
1680940980,+3.02,+23.176, +2.757,+1.039
1680941280,+3.02,+23.201, +2.743,+1.038
1680941580,+3.02,+23.201, +3.438,+1.040
1680941880,+3.02,+23.167, +3.645,+1.040
1680942180,+3.02,+23.209, +3.665,+1.040
1680942480,+3.02,+23.193, +3.633,+1.040
1680942780,+3.02,+23.209, +3.614,+1.040
1680943080,+3.02,+23.193, +3.626,+1.040
1680943380,+3.02,+23.193, +3.619,+1.040
1680943680,+3.02,+23.184, +3.546,+1.040
1680943980,+3.02,+23.176, +3.465,+1.040
1680944280,+3.02,+23.193, +3.426,+1.040
1680944580,+3.02,+23.159, +3.446,+1.040
1680944880,+3.02,+23.167, +3.497,+1.041
1680945180,+3.02,+23.167, +3.423,+1.040
1680945480,+3.02,+23.167, +3.288,+1.040
1680945780,+3.02,+23.193, +3.151,+1.039
1680946080,+3.02,+23.193, +3.053,+1.039
1680946380,+3.02,+23.184, +2.964,+1.039
1680946680,+3.02,+23.184, +2.850,+1.039
1680946980,+3.02,+23.167, +2.810,+1.039
1680947280,+3.02,+23.176, +2.861,+1.039
1680947580,+3.02,+23.167, +2.890,+1.039
1680947880,+3.02,+23.151, +2.895,+1.039
1680948180,+3.02,+23.167, +2.946,+1.039
1680948480,+3.02,+23.176, +2.936,+1.039
1680948780,+3.02,+23.167, +2.907,+1.040
1680949080,+3.02,+23.159, +2.875,+1.040
1680949380,+3.02,+23.167, +2.804,+1.040
1680949680,+3.02,+23.167, +2.725,+1.040
1680949980,+3.02,+23.159, +2.653,+1.040
1680950280,+3.02,+23.176, +2.579,+1.040
1680950580,+3.02,+23.159, +2.536,+1.040
1680950880,+3.02,+23.176, +2.507,+1.039
1680951180,+3.02,+23.167, +2.537,+1.039
1680951480,+3.02,+23.151, +2.600,+1.039
1680951780,+3.02,+23.167, +2.680,+1.039
1680952080,+3.02,+23.151, +2.854,+1.039
1680952380,+3.02,+23.159, +2.958,+1.038
1680952680,+3.02,+23.167, +2.979,+1.038
1680952980,+3.02,+23.167, +3.019,+1.039
1680953280,+3.02,+23.134, +2.990,+1.038
1680953580,+3.02,+23.142, +2.919,+1.038
1680953880,+3.02,+23.167, +2.910,+1.039
1680954180,+3.02,+23.134, +2.972,+1.039
1680954480,+3.02,+23.167, +3.079,+1.039
1680954780,+3.02,+23.159, +3.208,+1.039
1680955080,+3.02,+23.151, +3.360,+1.040
1680955380,+3.02,+23.151, +3.529,+1.040
1680955680,+3.02,+23.151, +3.545,+1.040
1680955980,+3.02,+23.159, +3.467,+1.040
1680956280,+3.02,+23.159, +3.590,+1.040
1680956580,+3.02,+23.134, +3.626,+1.039
1680956880,+3.02,+23.159, +3.693,+1.040
1680957180,+3.02,+23.159, +3.698,+1.040
1680957480,+3.02,+23.151, +3.672,+1.040
1680957780,+3.01,+23.142, +3.665,+1.042
1680958080,+3.02,+23.117, +3.698,+1.040
1680958380,+3.02,+23.142, +3.865,+1.041
1680958680,+3.02,+23.167, +3.945,+1.041
1680958980,+3.02,+23.142, +3.855,+1.041
1680959280,+3.02,+23.151, +3.939,+1.041
1680959580,+3.02,+23.142, +3.941,+1.041
1680959880,+3.02,+23.151, +3.828,+1.041
1680960180,+3.02,+23.167, +3.774,+1.041
1680960480,+3.02,+23.142, +3.710,+1.041
1680960780,+3.02,+23.134, +3.641,+1.041
1680961080,+3.02,+23.134, +3.655,+1.041
1680961380,+3.02,+23.151, +3.653,+1.041
1680961680,+3.02,+23.151, +3.708,+1.041
1680961980,+3.02,+23.142, +3.736,+1.041
1680962280,+3.02,+23.134, +3.770,+1.041
1680962580,+3.02,+23.142, +3.747,+1.040
1680962880,+3.02,+23.151, +3.718,+1.041
1680963180,+3.02,+23.117, +3.669,+1.041
1680963480,+3.02,+23.134, +3.619,+1.041
1680963780,+3.02,+23.126, +3.614,+1.041
1680964080,+3.02,+23.134, +3.611,+1.041
1680964380,+3.02,+23.126, +3.665,+1.042
1680964680,+3.02,+23.134, +3.644,+1.041
1680964980,+3.02,+23.117, +3.635,+1.041
1680965280,+3.02,+23.151, +3.639,+1.041
1680965580,+3.02,+23.142, +3.611,+1.040
1680965880,+3.02,+23.126, +3.577,+1.041
1680966180,+3.02,+23.117, +3.590,+1.041
1680966480,+3.02,+23.134, +3.566,+1.041
1680966780,+3.02,+23.126, +3.520,+1.041
1680967080,+3.02,+23.109, +3.486,+1.040
1680967380,+3.02,+23.134, +3.508,+1.041
1680967680,+3.02,+23.134, +3.508,+1.041
1680967980,+3.02,+23.134, +3.484,+1.041
1680968280,+3.02,+23.126, +3.484,+1.041
1680968580,+3.02,+23.092, +3.452,+1.041
1680968880,+3.02,+23.134, +3.456,+1.041
1680969180,+3.02,+23.142, +3.404,+1.040
1680969480,+3.02,+23.134, +3.378,+1.040
1680969780,+3.02,+23.117, +3.302,+1.041
