7392-538280
OS REV: 1.11 Sensor Cal: 1466698825
Time (sec),  BV (Volts),  T (deg C),  DO (mg/l),  Q ()
1673107500,+3.05,+22.371, +4.738,+1.043
1673107800,+3.05,+22.354, +4.822,+1.043
1673108100,+3.05,+22.354, +4.870,+1.043
1673108400,+3.05,+22.371, +4.897,+1.043
1673108700,+3.05,+22.354, +4.985,+1.043
1673109000,+3.05,+22.371, +5.021,+1.043
1673109300,+3.05,+22.379, +5.005,+1.043
1673109600,+3.05,+22.354, +5.044,+1.043
1673109900,+3.05,+22.346, +5.039,+1.043
1673110200,+3.05,+22.354, +5.041,+1.043
1673110500,+3.05,+22.371, +5.047,+1.043
1673110800,+3.05,+22.379, +5.076,+1.043
1673111100,+3.05,+22.388, +5.129,+1.042
1673111400,+3.05,+22.396, +5.193,+1.043
1673111700,+3.05,+22.396, +5.203,+1.043
1673112000,+3.05,+22.430, +5.245,+1.043
1673112300,+3.05,+22.430, +5.427,+1.044
1673112600,+3.05,+22.396, +5.481,+1.042
1673112900,+3.05,+22.413, +5.479,+1.043
1673113200,+3.05,+22.430, +5.467,+1.042
1673113500,+3.05,+22.396, +5.475,+1.042
1673113800,+3.05,+22.396, +5.426,+1.041
1673114100,+3.05,+22.362, +5.349,+1.044
1673114400,+3.05,+22.362, +5.217,+1.043
1673114700,+3.05,+22.329, +5.088,+1.043
1673115000,+3.05,+22.346, +4.965,+1.043
1673115300,+3.05,+22.321, +4.801,+1.043
1673115600,+3.05,+22.354, +4.925,+1.043
1673115900,+3.05,+22.362, +5.101,+1.044
1673116200,+3.05,+22.388, +5.166,+1.044
1673116500,+3.05,+22.396, +5.175,+1.043
1673116800,+3.05,+22.388, +5.122,+1.043
1673117100,+3.05,+22.354, +5.115,+1.043
1673117400,+3.05,+22.354, +5.035,+1.043
1673117700,+3.05,+22.346, +4.955,+1.044
1673118000,+3.05,+22.212, +4.846,+1.042
1673118300,+3.05,+22.170, +4.582,+1.043
1673118600,+3.05,+22.111, +4.340,+1.043
1673118900,+3.05,+22.094, +4.184,+1.043
1673119200,+3.05,+22.119, +4.059,+1.043
1673119500,+3.05,+22.136, +4.002,+1.043
1673119800,+3.05,+22.153, +3.970,+1.043
1673120100,+3.05,+22.212, +3.979,+1.044
1673120400,+3.05,+22.212, +4.013,+1.044
1673120700,+3.05,+22.228, +4.018,+1.043
1673121000,+3.05,+22.270, +4.057,+1.044
1673121300,+3.05,+22.262, +4.100,+1.044
1673121600,+3.05,+22.304, +4.209,+1.044
1673121900,+3.05,+22.321, +4.320,+1.044
1673122200,+3.05,+22.337, +4.322,+1.044
1673122500,+3.05,+22.295, +4.325,+1.044
1673122800,+3.05,+22.270, +4.281,+1.042
1673123100,+3.05,+22.245, +4.250,+1.044
1673123400,+3.05,+22.220, +4.177,+1.044
1673123700,+3.05,+22.203, +4.129,+1.044
1673124000,+3.05,+22.228, +4.156,+1.043
1673124300,+3.05,+22.220, +4.135,+1.043
1673124600,+3.05,+22.212, +4.137,+1.043
1673124900,+3.05,+22.287, +4.261,+1.044
1673125200,+3.05,+22.287, +4.535,+1.043
1673125500,+3.05,+22.312, +4.700,+1.043
1673125800,+3.05,+22.337, +4.768,+1.043
1673126100,+3.05,+22.304, +4.784,+1.043
1673126400,+3.05,+22.321, +4.770,+1.044
1673126700,+3.05,+22.329, +4.729,+1.043
1673127000,+3.05,+22.321, +4.704,+1.043
1673127300,+3.05,+22.295, +4.632,+1.043
1673127600,+3.04,+22.279, +4.538,+1.043
1673127900,+3.05,+22.245, +4.485,+1.043
1673128200,+3.05,+22.262, +4.422,+1.043
1673128500,+3.05,+22.245, +4.380,+1.043
1673128800,+3.05,+22.262, +4.332,+1.044
1673129100,+3.05,+22.245, +4.311,+1.043
1673129400,+3.05,+22.270, +4.343,+1.044
1673129700,+3.05,+22.254, +4.389,+1.043
1673130000,+3.05,+22.279, +4.373,+1.043
1673130300,+3.05,+22.287, +4.362,+1.043
1673130600,+3.05,+22.270, +4.339,+1.044
1673130900,+3.05,+22.262, +4.289,+1.043
1673131200,+3.05,+22.304, +4.202,+1.043
1673131500,+3.05,+22.295, +4.173,+1.043
1673131800,+3.05,+22.287, +4.184,+1.043
1673132100,+3.05,+22.312, +4.144,+1.043
1673132400,+3.05,+22.312, +4.113,+1.043
1673132700,+3.05,+22.321, +4.110,+1.043
1673133000,+3.05,+22.295, +4.074,+1.043
1673133300,+3.05,+22.312, +4.059,+1.043
1673133600,+3.05,+22.304, +4.076,+1.043
1673133900,+3.05,+22.304, +4.083,+1.042
1673134200,+3.05,+22.312, +4.125,+1.043
1673134500,+3.05,+22.295, +4.229,+1.044
1673134800,+3.05,+22.304, +4.273,+1.044
1673135100,+3.05,+22.304, +4.285,+1.043
1673135400,+3.05,+22.321, +4.289,+1.044
1673135700,+3.05,+22.304, +4.291,+1.043
1673136000,+3.05,+22.304, +4.287,+1.043
1673136300,+3.05,+22.304, +4.303,+1.043
1673136600,+3.05,+22.329, +4.311,+1.043
1673136900,+3.05,+22.321, +4.292,+1.044
1673137200,+3.05,+22.329, +4.256,+1.042
1673137500,+3.05,+22.346, +4.261,+1.043
1673137800,+3.05,+22.371, +4.220,+1.043
1673138100,+3.05,+22.379, +4.987,+1.043
1673138400,+3.05,+22.362, +5.273,+1.043
1673138700,+3.05,+22.388, +5.313,+1.044
1673139000,+3.05,+22.388, +5.630,+1.044
1673139300,+3.05,+22.413, +5.844,+1.042
1673139600,+3.05,+22.430, +5.981,+1.042
1673139900,+3.05,+22.430, +6.292,+1.045
1673140200,+3.05,+22.388, +6.020,+1.043
1673140500,+3.05,+22.270, +5.167,+1.043
1673140800,+3.05,+22.212, +4.385,+1.044
1673141100,+3.05,+22.203, +4.304,+1.043
1673141400,+3.05,+22.212, +4.394,+1.042
1673141700,+3.05,+22.203, +4.383,+1.043
1673142000,+3.05,+22.203, +4.273,+1.043
1673142300,+3.05,+22.245, +4.332,+1.044
1673142600,+3.05,+22.237, +4.406,+1.043
1673142900,+3.05,+22.262, +4.463,+1.043
1673143200,+3.05,+22.270, +4.582,+1.043
1673143500,+3.05,+22.270, +4.755,+1.044
1673143800,+3.05,+22.262, +4.752,+1.043
1673144100,+3.05,+22.245, +4.721,+1.043
1673144400,+3.05,+22.254, +4.683,+1.044
1673144700,+3.05,+22.254, +4.644,+1.044
1673145000,+3.05,+22.245, +4.638,+1.043
1673145300,+3.05,+22.262, +4.669,+1.043
1673145600,+3.05,+22.287, +4.728,+1.044
1673145900,+3.05,+22.270, +4.731,+1.043
1673146200,+3.05,+22.295, +4.751,+1.043
1673146500,+3.05,+22.270, +4.770,+1.043
1673146800,+3.05,+22.245, +4.790,+1.043
1673147100,+3.05,+22.279, +4.842,+1.043
1673147400,+3.05,+22.262, +4.896,+1.043
1673147700,+3.05,+22.287, +4.937,+1.044
1673148000,+3.05,+22.287, +4.939,+1.043
1673148300,+3.05,+22.228, +4.943,+1.044
1673148600,+3.05,+22.212, +4.962,+1.043
1673148900,+3.05,+22.237, +4.971,+1.042
1673149200,+3.05,+22.220, +4.972,+1.044
1673149500,+3.05,+22.245, +4.868,+1.044
1673149800,+3.05,+22.237, +4.945,+1.043
1673150100,+3.05,+22.237, +4.884,+1.044
1673150400,+3.05,+22.212, +4.834,+1.043
1673150700,+3.05,+22.212, +4.748,+1.044
1673151000,+3.05,+22.186, +4.673,+1.043
1673151300,+3.05,+22.161, +4.714,+1.043
1673151600,+3.05,+22.145, +4.702,+1.043
1673151900,+3.05,+22.178, +4.734,+1.044
1673152200,+3.05,+22.195, +4.759,+1.043
1673152500,+3.05,+22.161, +4.778,+1.043
1673152800,+3.05,+22.203, +4.736,+1.043
1673153100,+3.05,+22.186, +4.744,+1.042
1673153400,+3.05,+22.212, +4.753,+1.043
1673153700,+3.05,+22.195, +4.756,+1.043
1673154000,+3.05,+22.178, +4.737,+1.043
1673154300,+3.05,+22.186, +4.698,+1.042
1673154600,+3.05,+22.195, +4.718,+1.043
1673154900,+3.05,+22.136, +4.794,+1.043
1673155200,+3.05,+22.195, +4.853,+1.043
1673155500,+3.05,+22.170, +4.862,+1.043
1673155800,+3.05,+22.178, +4.784,+1.043
1673156100,+3.05,+22.212, +4.728,+1.043
1673156400,+3.05,+22.212, +4.686,+1.043
1673156700,+3.05,+22.228, +4.663,+1.043
1673157000,+3.05,+22.254, +4.844,+1.042
1673157300,+3.05,+22.270, +5.153,+1.043
1673157600,+3.05,+22.254, +5.329,+1.043
1673157900,+3.05,+22.270, +5.230,+1.043
1673158200,+3.05,+22.245, +5.327,+1.043
1673158500,+3.05,+22.245, +5.320,+1.042
1673158800,+3.05,+22.245, +5.451,+1.043
1673159100,+3.05,+22.237, +5.463,+1.043
1673159400,+3.05,+22.237, +5.399,+1.043
1673159700,+3.05,+22.237, +5.296,+1.042
1673160000,+3.05,+22.245, +5.289,+1.042
1673160300,+3.05,+22.228, +5.335,+1.044
1673160600,+3.05,+22.245, +5.485,+1.043
1673160900,+3.05,+22.254, +5.736,+1.042
1673161200,+3.05,+22.237, +5.763,+1.042
1673161500,+3.05,+22.228, +5.761,+1.043
1673161800,+3.05,+22.237, +5.747,+1.042
1673162100,+3.05,+22.262, +5.745,+1.042
1673162400,+3.05,+22.220, +5.731,+1.043
1673162700,+3.05,+22.212, +5.748,+1.044
1673163000,+3.05,+22.212, +5.693,+1.043
1673163300,+3.05,+22.220, +5.654,+1.042
1673163600,+3.05,+22.228, +5.723,+1.043
1673163900,+3.05,+22.195, +5.752,+1.043
1673164200,+3.05,+22.212, +5.710,+1.043
1673164500,+3.05,+22.212, +5.684,+1.043
1673164800,+3.05,+22.195, +5.761,+1.042
1673165100,+3.05,+22.186, +5.761,+1.044
1673165400,+3.05,+22.178, +5.755,+1.042
1673165700,+3.05,+22.186, +5.849,+1.043
1673166000,+3.05,+22.203, +5.937,+1.043
1673166300,+3.05,+22.186, +5.934,+1.043
1673166600,+3.05,+22.203, +5.913,+1.042
1673166900,+3.05,+22.195, +5.902,+1.043
1673167200,+3.05,+22.203, +5.820,+1.042
1673167500,+3.05,+22.203, +5.991,+1.043
1673167800,+3.05,+22.212, +6.007,+1.043
1673168100,+3.05,+22.203, +5.965,+1.042
1673168400,+3.05,+22.203, +5.940,+1.041
1673168700,+3.05,+22.186, +5.984,+1.043
1673169000,+3.05,+22.203, +5.925,+1.042
1673169300,+3.05,+22.195, +5.870,+1.042
1673169600,+3.05,+22.195, +5.868,+1.042
1673169900,+3.05,+22.195, +6.002,+1.043
1673170200,+3.05,+22.186, +5.997,+1.042
1673170500,+3.05,+22.186, +5.934,+1.042
1673170800,+3.05,+22.178, +5.915,+1.044
1673171100,+3.05,+22.186, +5.890,+1.043
1673171400,+3.05,+22.145, +5.932,+1.043
1673171700,+3.05,+22.195, +5.912,+1.043
1673172000,+3.05,+22.186, +5.988,+1.043
1673172300,+3.05,+22.186, +6.165,+1.044
1673172600,+3.05,+22.186, +6.204,+1.043
1673172900,+3.05,+22.178, +6.207,+1.043
1673173200,+3.05,+22.195, +6.216,+1.043
1673173500,+3.05,+22.153, +6.228,+1.043
1673173800,+3.05,+22.178, +6.319,+1.041
1673174100,+3.05,+22.203, +6.343,+1.042
1673174400,+3.05,+22.186, +6.339,+1.042
1673174700,+3.05,+22.178, +6.312,+1.043
1673175000,+3.05,+22.178, +6.282,+1.042
1673175300,+3.05,+22.186, +6.238,+1.044
1673175600,+3.05,+22.186, +6.157,+1.043
1673175900,+3.05,+22.178, +6.101,+1.042
1673176200,+3.05,+22.178, +6.076,+1.043
1673176500,+3.05,+22.186, +6.090,+1.042
1673176800,+3.05,+22.170, +6.107,+1.042
1673177100,+3.05,+22.195, +6.125,+1.042
1673177400,+3.05,+22.178, +6.020,+1.042
1673177700,+3.05,+22.170, +6.016,+1.043
1673178000,+3.05,+22.178, +6.177,+1.043
1673178300,+3.05,+22.170, +6.135,+1.042
1673178600,+3.05,+22.195, +6.132,+1.043
1673178900,+3.05,+22.170, +6.137,+1.043
1673179200,+3.05,+22.178, +6.104,+1.043
1673179500,+3.05,+22.195, +6.062,+1.043
1673179800,+3.05,+22.178, +6.018,+1.043
1673180100,+3.05,+22.195, +5.953,+1.043
1673180400,+3.05,+22.203, +5.916,+1.042
1673180700,+3.05,+22.186, +6.070,+1.042
1673181000,+3.05,+22.186, +6.093,+1.042
1673181300,+3.05,+22.170, +6.102,+1.043
1673181600,+3.05,+22.203, +6.081,+1.044
1673181900,+3.05,+22.212, +6.052,+1.042
1673182200,+3.05,+22.195, +6.064,+1.043
1673182500,+3.05,+22.203, +6.056,+1.044
1673182800,+3.05,+22.186, +6.082,+1.043
1673183100,+3.05,+22.186, +6.076,+1.042
1673183400,+3.05,+22.178, +6.042,+1.043
1673183700,+3.05,+22.186, +6.042,+1.044
1673184000,+3.05,+22.195, +6.056,+1.044
1673184300,+3.05,+22.186, +6.046,+1.043
1673184600,+3.05,+22.186, +6.053,+1.042
1673184900,+3.05,+22.186, +6.086,+1.043
1673185200,+3.05,+22.195, +6.101,+1.043
1673185500,+3.05,+22.195, +6.119,+1.044
1673185800,+3.05,+22.203, +6.102,+1.042
1673186100,+3.05,+22.186, +6.106,+1.043
1673186400,+3.05,+22.212, +6.067,+1.043
1673186700,+3.05,+22.203, +6.039,+1.043
1673187000,+3.05,+22.212, +6.052,+1.043
1673187300,+3.05,+22.170, +5.988,+1.043
1673187600,+3.05,+22.153, +5.935,+1.043
1673187900,+3.05,+22.170, +5.900,+1.043
1673188200,+3.05,+22.161, +5.883,+1.043
1673188500,+3.05,+22.136, +5.842,+1.042
1673188800,+3.05,+22.153, +5.849,+1.043
1673189100,+3.05,+22.153, +5.813,+1.043
1673189400,+3.05,+22.145, +5.853,+1.043
1673189700,+3.05,+22.153, +5.872,+1.043
1673190000,+3.05,+22.145, +5.886,+1.041
1673190300,+3.05,+22.170, +5.937,+1.043
1673190600,+3.05,+22.170, +5.958,+1.043
1673190900,+3.05,+22.161, +5.956,+1.043
1673191200,+3.05,+22.153, +5.960,+1.043
1673191500,+3.05,+22.145, +6.003,+1.043
1673191800,+3.05,+22.186, +6.051,+1.043
1673192100,+3.05,+22.170, +6.136,+1.043
1673192400,+3.05,+22.212, +6.204,+1.042
1673192700,+3.05,+22.203, +6.265,+1.043
1673193000,+3.05,+22.220, +6.256,+1.043
1673193300,+3.05,+22.212, +6.232,+1.042
1673193600,+3.05,+22.212, +6.245,+1.043
1673193900,+3.05,+22.220, +6.253,+1.042
