7450-041662
OS REV: 1.05 Sensor Cal: 1663258284
Time (sec),  BV (Volts),  T (deg C),  DO (mg/l),  Q ()
1672411200,+3.46,+23.828, +8.313,+0.951
1672411500,+3.46,+23.836, +8.328,+0.950
1672411800,+3.46,+23.828, +8.337,+0.951
1672412100,+3.46,+23.811, +8.379,+0.951
1672412400,+3.46,+23.878, +8.365,+0.952
1672412700,+3.46,+23.853, +8.365,+0.950
1672413000,+3.46,+23.870, +8.387,+0.951
1672413300,+3.46,+23.878, +8.383,+0.951
1672413600,+3.46,+23.912, +8.374,+0.951
1672413900,+3.46,+23.870, +8.388,+0.951
1672414200,+3.46,+23.853, +8.392,+0.951
1672414500,+3.46,+23.853, +8.396,+0.951
1672414800,+3.46,+23.895, +8.392,+0.951
1672415100,+3.46,+23.861, +8.405,+0.951
1672415400,+3.46,+23.886, +8.389,+0.951
1672415700,+3.46,+23.903, +8.411,+0.951
1672416000,+3.46,+24.121, +8.340,+0.951
1672416300,+3.46,+24.021, +8.382,+0.951
1672416600,+3.46,+24.172, +8.371,+0.951
1672416900,+3.46,+24.046, +8.408,+0.951
1672417200,+3.46,+24.088, +8.418,+0.951
1672417500,+3.46,+24.046, +8.400,+0.951
1672417800,+3.46,+24.138, +8.394,+0.951
1672418100,+3.46,+24.046, +8.435,+0.951
1672418400,+3.46,+24.021, +8.456,+0.951
1672418700,+3.46,+24.029, +8.471,+0.951
1672419000,+3.46,+24.088, +8.457,+0.951
1672419300,+3.46,+24.205, +8.438,+0.951
1672419600,+3.45,+24.231, +8.436,+0.951
1672419900,+3.46,+24.424, +8.350,+0.951
1672420200,+3.46,+24.331, +8.415,+0.950
1672420500,+3.46,+24.474, +8.364,+0.951
1672420800,+3.46,+24.474, +8.380,+0.951
1672421100,+3.46,+24.474, +8.440,+0.951
1672421400,+3.46,+24.499, +8.444,+0.951
1672421700,+3.46,+24.525, +8.498,+0.951
1672422000,+3.46,+24.752, +8.373,+0.951
1672422300,+3.46,+24.684, +8.426,+0.951
1672422600,+3.46,+24.718, +8.408,+0.951
1672422900,+3.46,+24.768, +8.401,+0.950
1672423200,+3.46,+24.794, +8.417,+0.951
1672423500,+3.46,+24.853, +8.402,+0.950
1672423800,+3.46,+24.928, +8.398,+0.951
1672424100,+3.46,+25.012, +8.339,+0.951
1672424400,+3.46,+25.071, +8.339,+0.951
1672424700,+3.46,+25.038, +8.354,+0.951
1672425000,+3.46,+25.021, +8.363,+0.951
1672425300,+3.46,+25.038, +8.368,+0.950
1672425600,+3.46,+25.038, +8.371,+0.951
1672425900,+3.46,+25.021, +8.386,+0.951
1672426200,+3.46,+25.004, +8.391,+0.951
1672426500,+3.46,+25.029, +8.383,+0.950
1672426800,+3.46,+25.046, +8.330,+0.951
1672427100,+3.46,+24.962, +8.403,+0.951
1672427400,+3.46,+24.945, +8.374,+0.951
1672427700,+3.46,+24.903, +8.385,+0.951
1672428000,+3.46,+24.911, +8.374,+0.951
1672428300,+3.46,+24.861, +8.382,+0.951
1672428600,+3.46,+24.878, +8.402,+0.951
1672428900,+3.46,+24.903, +8.393,+0.951
1672429200,+3.46,+24.886, +8.376,+0.951
1672429500,+3.46,+24.878, +8.379,+0.951
1672429800,+3.46,+24.895, +8.387,+0.951
1672430100,+3.46,+24.911, +8.390,+0.951
1672430400,+3.46,+24.945, +8.403,+0.951
1672430700,+3.46,+24.937, +8.410,+0.951
1672431000,+3.46,+24.945, +8.409,+0.951
1672431300,+3.46,+24.962, +8.432,+0.951
1672431600,+3.46,+24.970, +8.408,+0.951
1672431900,+3.46,+24.970, +8.429,+0.951
1672432200,+3.46,+24.954, +8.427,+0.951
1672432500,+3.46,+24.945, +8.435,+0.951
1672432800,+3.46,+24.937, +8.447,+0.951
1672433100,+3.46,+24.928, +8.451,+0.951
1672433400,+3.46,+24.928, +8.453,+0.951
1672433700,+3.46,+24.903, +8.473,+0.951
1672434000,+3.46,+24.895, +8.475,+0.951
1672434300,+3.46,+24.878, +8.478,+0.951
1672434600,+3.46,+24.861, +8.453,+0.951
1672434900,+3.46,+24.802, +8.483,+0.951
1672435200,+3.46,+24.785, +8.502,+0.951
1672435500,+3.46,+24.752, +8.516,+0.951
1672435800,+3.46,+24.760, +8.528,+0.952
1672436100,+3.46,+24.760, +8.511,+0.951
1672436400,+3.46,+24.743, +8.538,+0.951
1672436700,+3.46,+24.743, +8.506,+0.951
1672437000,+3.46,+24.718, +8.529,+0.951
1672437300,+3.46,+24.710, +8.504,+0.951
1672437600,+3.46,+24.693, +8.516,+0.951
1672437900,+3.46,+24.668, +8.515,+0.951
1672438200,+3.46,+24.642, +8.506,+0.951
1672438500,+3.46,+24.617, +8.494,+0.950
1672438800,+3.46,+24.609, +8.506,+0.951
1672439100,+3.46,+24.592, +8.504,+0.952
1672439400,+3.46,+24.558, +8.480,+0.951
1672439700,+3.46,+24.508, +8.499,+0.951
1672440000,+3.46,+24.466, +8.501,+0.951
1672440300,+3.46,+24.474, +8.511,+0.951
1672440600,+3.46,+24.432, +8.511,+0.951
1672440900,+3.46,+24.415, +8.516,+0.951
1672441200,+3.46,+24.407, +8.493,+0.951
1672441500,+3.46,+24.373, +8.490,+0.951
1672441800,+3.46,+24.323, +8.497,+0.951
1672442100,+3.46,+24.315, +8.478,+0.951
1672442400,+3.46,+24.264, +8.464,+0.951
1672442700,+3.46,+24.247, +8.458,+0.951
1672443000,+3.46,+24.222, +8.471,+0.951
1672443300,+3.46,+24.214, +8.456,+0.950
1672443600,+3.46,+24.205, +8.470,+0.951
1672443900,+3.46,+24.180, +8.457,+0.951
1672444200,+3.46,+24.163, +8.455,+0.951
1672444500,+3.46,+24.189, +8.453,+0.951
1672444800,+3.46,+24.247, +8.437,+0.951
1672445100,+3.46,+24.264, +8.429,+0.951
1672445400,+3.46,+24.281, +8.426,+0.951
1672445700,+3.46,+24.281, +8.410,+0.951
1672446000,+3.46,+24.281, +8.384,+0.951
1672446300,+3.46,+24.273, +8.397,+0.951
1672446600,+3.46,+24.273, +8.387,+0.950
1672446900,+3.46,+24.273, +8.383,+0.951
1672447200,+3.46,+24.247, +8.383,+0.952
1672447500,+3.46,+24.247, +8.379,+0.951
1672447800,+3.46,+24.247, +8.379,+0.951
1672448100,+3.46,+24.256, +8.386,+0.951
1672448400,+3.46,+24.247, +8.366,+0.951
1672448700,+3.46,+24.231, +8.383,+0.952
1672449000,+3.46,+24.239, +8.368,+0.951
1672449300,+3.46,+24.222, +8.359,+0.951
1672449600,+3.46,+24.205, +8.355,+0.951
1672449900,+3.46,+24.214, +8.368,+0.951
1672450200,+3.46,+24.222, +8.360,+0.951
1672450500,+3.46,+24.197, +8.372,+0.952
1672450800,+3.46,+24.189, +8.356,+0.951
1672451100,+3.46,+24.163, +8.368,+0.951
1672451400,+3.46,+24.147, +8.372,+0.952
1672451700,+3.46,+24.130, +8.355,+0.951
1672452000,+3.46,+24.121, +8.362,+0.951
1672452300,+3.46,+24.113, +8.379,+0.951
1672452600,+3.46,+24.105, +8.375,+0.951
1672452900,+3.46,+24.113, +8.363,+0.951
1672453200,+3.46,+24.088, +8.368,+0.951
1672453500,+3.46,+24.096, +8.368,+0.951
1672453800,+3.46,+24.096, +8.370,+0.951
1672454100,+3.46,+24.080, +8.354,+0.951
1672454400,+3.46,+24.054, +8.318,+0.951
1672454700,+3.46,+24.046, +8.276,+0.951
1672455000,+3.46,+24.029, +8.309,+0.951
1672455300,+3.46,+24.029, +8.303,+0.951
1672455600,+3.46,+24.038, +8.276,+0.950
1672455900,+3.46,+24.021, +8.336,+0.951
1672456200,+3.46,+24.004, +8.314,+0.951
1672456500,+3.46,+23.996, +8.290,+0.951
1672456800,+3.46,+23.970, +8.290,+0.951
1672457100,+3.46,+23.954, +8.263,+0.950
1672457400,+3.46,+23.954, +8.299,+0.951
1672457700,+3.46,+23.945, +8.287,+0.951
1672458000,+3.46,+23.937, +8.266,+0.951
1672458300,+3.46,+23.912, +8.298,+0.951
1672458600,+3.46,+23.928, +8.259,+0.951
1672458900,+3.46,+23.920, +8.275,+0.951
1672459200,+3.46,+23.920, +8.270,+0.951
1672459500,+3.46,+23.895, +8.267,+0.950
1672459800,+3.46,+23.878, +8.304,+0.951
1672460100,+3.46,+23.870, +8.308,+0.951
1672460400,+3.46,+23.870, +8.312,+0.951
1672460700,+3.46,+23.845, +8.314,+0.951
1672461000,+3.46,+23.853, +8.310,+0.951
1672461300,+3.46,+23.836, +8.295,+0.951
1672461600,+3.46,+23.819, +8.301,+0.951
1672461900,+3.46,+23.819, +8.294,+0.951
1672462200,+3.46,+23.828, +8.285,+0.951
1672462500,+3.46,+23.819, +8.283,+0.951
1672462800,+3.46,+23.811, +8.275,+0.951
1672463100,+3.46,+23.819, +8.272,+0.951
1672463400,+3.46,+23.811, +8.274,+0.951
1672463700,+3.46,+23.786, +8.259,+0.950
1672464000,+3.46,+23.777, +8.272,+0.951
1672464300,+3.46,+23.786, +8.235,+0.951
1672464600,+3.46,+23.761, +8.250,+0.951
1672464900,+3.46,+23.803, +8.250,+0.951
1672465200,+3.46,+23.786, +8.254,+0.951
1672465500,+3.46,+23.803, +8.241,+0.951
1672465800,+3.46,+23.777, +8.241,+0.951
1672466100,+3.46,+23.769, +8.240,+0.951
1672466400,+3.46,+23.761, +8.247,+0.951
1672466700,+3.46,+23.752, +8.248,+0.951
1672467000,+3.46,+23.744, +8.247,+0.951
1672467300,+3.46,+23.744, +8.241,+0.951
1672467600,+3.46,+23.761, +8.240,+0.951
1672467900,+3.46,+23.752, +8.245,+0.951
1672468200,+3.46,+23.761, +8.242,+0.951
1672468500,+3.46,+23.752, +8.220,+0.951
1672468800,+3.46,+23.735, +8.220,+0.951
1672469100,+3.46,+23.735, +8.215,+0.951
1672469400,+3.46,+23.744, +8.220,+0.951
1672469700,+3.46,+23.735, +8.192,+0.951
1672470000,+3.46,+23.710, +8.201,+0.951
1672470300,+3.46,+23.710, +8.187,+0.951
1672470600,+3.46,+23.694, +8.181,+0.951
1672470900,+3.46,+23.702, +8.198,+0.950
1672471200,+3.46,+23.710, +8.197,+0.951
1672471500,+3.46,+23.702, +8.196,+0.951
1672471800,+3.46,+23.702, +8.197,+0.951
1672472100,+3.46,+23.694, +8.196,+0.951
1672472400,+3.46,+23.685, +8.191,+0.951
1672472700,+3.46,+23.685, +8.201,+0.951
1672473000,+3.46,+23.702, +8.195,+0.951
1672473300,+3.46,+23.702, +8.190,+0.951
1672473600,+3.46,+23.702, +8.183,+0.951
1672473900,+3.46,+23.694, +8.181,+0.951
1672474200,+3.46,+23.677, +8.165,+0.951
1672474500,+3.46,+23.660, +8.169,+0.951
1672474800,+3.46,+23.652, +8.148,+0.951
1672475100,+3.46,+23.626, +8.123,+0.951
1672475400,+3.46,+23.643, +8.118,+0.950
1672475700,+3.46,+23.618, +8.105,+0.951
1672476000,+3.46,+23.643, +8.119,+0.951
1672476300,+3.46,+23.635, +8.121,+0.951
1672476600,+3.46,+23.610, +8.128,+0.951
1672476900,+3.46,+23.610, +8.107,+0.951
1672477200,+3.46,+23.585, +8.126,+0.951
1672477500,+3.46,+23.593, +8.119,+0.951
1672477800,+3.46,+23.601, +8.124,+0.951
1672478100,+3.46,+23.585, +8.131,+0.951
1672478400,+3.46,+23.585, +8.110,+0.951
1672478700,+3.46,+23.601, +8.134,+0.951
1672479000,+3.46,+23.568, +8.121,+0.951
1672479300,+3.46,+23.593, +8.084,+0.951
1672479600,+3.46,+23.601, +8.095,+0.951
1672479900,+3.46,+23.593, +8.149,+0.951
1672480200,+3.46,+23.593, +8.142,+0.951
1672480500,+3.46,+23.593, +8.129,+0.951
1672480800,+3.46,+23.618, +8.128,+0.951
1672481100,+3.46,+23.610, +8.147,+0.951
1672481400,+3.46,+23.618, +8.160,+0.951
1672481700,+3.46,+23.618, +8.174,+0.951
1672482000,+3.46,+23.610, +8.184,+0.951
1672482300,+3.46,+23.618, +8.185,+0.951
1672482600,+3.46,+23.626, +8.185,+0.951
1672482900,+3.46,+23.635, +8.183,+0.951
1672483200,+3.46,+23.643, +8.219,+0.951
1672483500,+3.46,+23.702, +8.199,+0.950
1672483800,+3.46,+23.719, +8.208,+0.951
1672484100,+3.46,+23.761, +8.196,+0.951
1672484400,+3.46,+23.761, +8.210,+0.951
1672484700,+3.46,+23.786, +8.201,+0.951
1672485000,+3.46,+23.828, +8.191,+0.950
1672485300,+3.46,+23.853, +8.196,+0.951
1672485600,+3.46,+23.878, +8.196,+0.951
1672485900,+3.46,+23.895, +8.184,+0.950
1672486200,+3.46,+23.937, +8.191,+0.951
1672486500,+3.46,+23.954, +8.169,+0.950
1672486800,+3.46,+23.954, +8.187,+0.951
1672487100,+3.46,+23.996, +8.168,+0.951
1672487400,+3.46,+24.021, +8.176,+0.951
1672487700,+3.46,+24.038, +8.187,+0.951
1672488000,+3.46,+24.063, +8.185,+0.951
1672488300,+3.46,+24.080, +8.191,+0.951
1672488600,+3.46,+24.096, +8.188,+0.951
1672488900,+3.46,+24.113, +8.197,+0.951
1672489200,+3.46,+24.105, +8.196,+0.950
1672489500,+3.46,+24.130, +8.198,+0.951
1672489800,+3.46,+24.130, +8.211,+0.951
1672490100,+3.46,+24.121, +8.222,+0.951
1672490400,+3.46,+24.163, +8.219,+0.951
1672490700,+3.46,+24.180, +8.216,+0.951
1672491000,+3.46,+24.214, +8.222,+0.951
1672491300,+3.46,+24.256, +8.208,+0.951
1672491600,+3.46,+24.281, +8.231,+0.951
1672491900,+3.46,+24.399, +8.212,+0.951
1672492200,+3.46,+24.466, +8.213,+0.951
1672492500,+3.46,+24.541, +8.191,+0.950
1672492800,+3.46,+24.592, +8.190,+0.951
1672493100,+3.46,+24.609, +8.210,+0.951
1672493400,+3.46,+24.684, +8.196,+0.951
1672493700,+3.46,+24.701, +8.163,+0.951
1672494000,+3.46,+24.760, +8.176,+0.951
1672494300,+3.46,+24.811, +8.183,+0.950
1672494600,+3.46,+24.844, +8.210,+0.951
1672494900,+3.46,+24.920, +8.201,+0.951
1672495200,+3.46,+24.996, +8.208,+0.951
1672495500,+3.46,+25.038, +8.216,+0.951
1672495800,+3.46,+25.080, +8.212,+0.951
1672496100,+3.46,+25.063, +8.221,+0.951
1672496400,+3.46,+25.088, +8.218,+0.951
1672496700,+3.46,+25.113, +8.206,+0.951
1672497000,+3.46,+25.139, +8.230,+0.951
1672497300,+3.46,+25.164, +8.222,+0.951
1672497600,+3.46,+25.189, +8.234,+0.952
