7450-041662
OS REV: 1.05 Sensor Cal: 1663258284
Time (sec),  BV (Volts),  T (deg C),  DO (mg/l),  Q ()
1669653000,+3.46,+21.499, +7.629,+0.956
1669653300,+3.46,+21.499, +7.624,+0.955
1669653600,+3.46,+21.491, +7.592,+0.956
1669653900,+3.46,+21.499, +7.592,+0.956
1669654200,+3.46,+21.491, +7.567,+0.956
1669654500,+3.46,+21.491, +7.541,+0.955
1669654800,+3.46,+21.483, +7.519,+0.956
1669655100,+3.46,+21.474, +7.535,+0.955
1669655400,+3.46,+21.491, +7.534,+0.955
1669655700,+3.46,+21.491, +7.575,+0.955
1669656000,+3.46,+21.491, +7.575,+0.956
1669656300,+3.46,+21.491, +7.538,+0.956
1669656600,+3.46,+21.483, +7.508,+0.955
1669656900,+3.46,+21.483, +7.519,+0.955
1669657200,+3.46,+21.491, +7.506,+0.955
1669657500,+3.46,+21.491, +7.500,+0.956
1669657800,+3.46,+21.466, +7.477,+0.955
1669658100,+3.46,+21.491, +7.434,+0.956
1669658400,+3.46,+21.466, +7.459,+0.955
1669658700,+3.46,+21.466, +7.433,+0.955
1669659000,+3.46,+21.466, +7.435,+0.955
1669659300,+3.46,+21.466, +7.431,+0.955
1669659600,+3.46,+21.458, +7.452,+0.955
1669659900,+3.46,+21.474, +7.437,+0.955
1669660200,+3.46,+21.474, +7.459,+0.955
1669660500,+3.46,+21.474, +7.480,+0.955
1669660800,+3.46,+21.474, +7.481,+0.955
1669661100,+3.46,+21.466, +7.474,+0.955
1669661400,+3.46,+21.474, +7.480,+0.955
1669661700,+3.46,+21.441, +7.468,+0.955
1669662000,+3.46,+21.474, +7.467,+0.956
1669662300,+3.46,+21.483, +7.444,+0.955
1669662600,+3.46,+21.466, +7.463,+0.955
1669662900,+3.46,+21.449, +7.456,+0.955
1669663200,+3.46,+21.449, +7.434,+0.955
1669663500,+3.46,+21.466, +7.432,+0.955
1669663800,+3.46,+21.466, +7.454,+0.955
1669664100,+3.46,+21.458, +7.462,+0.956
1669664400,+3.46,+21.441, +7.468,+0.955
1669664700,+3.46,+21.449, +7.472,+0.956
1669665000,+3.46,+21.458, +7.450,+0.956
1669665300,+3.46,+21.458, +7.442,+0.956
1669665600,+3.46,+21.441, +7.456,+0.955
1669665900,+3.46,+21.416, +7.473,+0.955
1669666200,+3.46,+21.432, +7.449,+0.956
1669666500,+3.46,+21.449, +7.435,+0.956
1669666800,+3.46,+21.416, +7.444,+0.955
1669667100,+3.46,+21.432, +7.412,+0.955
1669667400,+3.46,+21.441, +7.386,+0.955
1669667700,+3.46,+21.424, +7.397,+0.955
1669668000,+3.46,+21.424, +7.404,+0.955
1669668300,+3.46,+21.449, +7.422,+0.955
1669668600,+3.46,+21.432, +7.433,+0.955
1669668900,+3.46,+21.416, +7.436,+0.955
1669669200,+3.46,+21.432, +7.442,+0.955
1669669500,+3.46,+21.416, +7.443,+0.955
1669669800,+3.46,+21.416, +7.414,+0.955
1669670100,+3.46,+21.416, +7.406,+0.955
1669670400,+3.46,+21.407, +7.398,+0.955
1669670700,+3.46,+21.432, +7.390,+0.955
1669671000,+3.46,+21.416, +7.405,+0.955
1669671300,+3.46,+21.407, +7.396,+0.955
1669671600,+3.46,+21.407, +7.392,+0.956
1669671900,+3.46,+21.407, +7.388,+0.955
1669672200,+3.46,+21.399, +7.373,+0.955
1669672500,+3.46,+21.416, +7.362,+0.955
1669672800,+3.46,+21.399, +7.401,+0.955
1669673100,+3.46,+21.391, +7.412,+0.955
1669673400,+3.46,+21.382, +7.419,+0.956
1669673700,+3.46,+21.391, +7.406,+0.956
1669674000,+3.46,+21.374, +7.399,+0.955
1669674300,+3.46,+21.391, +7.400,+0.955
1669674600,+3.46,+21.382, +7.404,+0.955
1669674900,+3.46,+21.382, +7.397,+0.956
1669675200,+3.46,+21.374, +7.393,+0.955
1669675500,+3.46,+21.374, +7.400,+0.956
1669675800,+3.46,+21.374, +7.397,+0.955
1669676100,+3.46,+21.366, +7.396,+0.956
1669676400,+3.46,+21.374, +7.399,+0.955
1669676700,+3.46,+21.374, +7.414,+0.955
1669677000,+3.46,+21.382, +7.398,+0.955
1669677300,+3.46,+21.366, +7.414,+0.955
1669677600,+3.46,+21.366, +7.386,+0.955
1669677900,+3.46,+21.340, +7.399,+0.956
1669678200,+3.46,+21.366, +7.393,+0.955
1669678500,+3.46,+21.340, +7.408,+0.955
1669678800,+3.46,+21.332, +7.401,+0.955
1669679100,+3.46,+21.340, +7.392,+0.955
1669679400,+3.46,+21.340, +7.384,+0.955
1669679700,+3.46,+21.340, +7.371,+0.955
1669680000,+3.46,+21.374, +7.367,+0.956
1669680300,+3.46,+21.349, +7.352,+0.955
1669680600,+3.46,+21.357, +7.348,+0.955
1669680900,+3.46,+21.357, +7.353,+0.955
1669681200,+3.46,+21.332, +7.362,+0.955
1669681500,+3.46,+21.357, +7.347,+0.955
1669681800,+3.46,+21.357, +7.344,+0.955
1669682100,+3.46,+21.366, +7.341,+0.956
1669682400,+3.46,+21.349, +7.334,+0.955
1669682700,+3.46,+21.357, +7.341,+0.955
1669683000,+3.46,+21.366, +7.331,+0.955
1669683300,+3.46,+21.340, +7.340,+0.956
1669683600,+3.46,+21.340, +7.335,+0.955
1669683900,+3.46,+21.349, +7.333,+0.955
1669684200,+3.46,+21.366, +7.321,+0.955
1669684500,+3.46,+21.340, +7.323,+0.955
1669684800,+3.46,+21.340, +7.320,+0.955
1669685100,+3.46,+21.315, +7.321,+0.955
1669685400,+3.46,+21.349, +7.307,+0.955
1669685700,+3.46,+21.324, +7.322,+0.956
1669686000,+3.46,+21.332, +7.326,+0.955
1669686300,+3.46,+21.357, +7.324,+0.955
1669686600,+3.46,+21.357, +7.322,+0.956
1669686900,+3.46,+21.340, +7.330,+0.956
1669687200,+3.46,+21.332, +7.320,+0.956
1669687500,+3.46,+21.349, +7.316,+0.955
1669687800,+3.46,+21.340, +7.316,+0.955
1669688100,+3.46,+21.324, +7.323,+0.955
1669688400,+3.46,+21.324, +7.316,+0.956
1669688700,+3.46,+21.340, +7.296,+0.955
1669689000,+3.46,+21.315, +7.309,+0.955
1669689300,+3.46,+21.340, +7.305,+0.955
1669689600,+3.46,+21.324, +7.297,+0.955
1669689900,+3.46,+21.332, +7.288,+0.955
1669690200,+3.46,+21.332, +7.310,+0.955
1669690500,+3.46,+21.315, +7.302,+0.956
1669690800,+3.46,+21.324, +7.293,+0.955
1669691100,+3.46,+21.324, +7.283,+0.955
1669691400,+3.46,+21.340, +7.284,+0.956
1669691700,+3.46,+21.307, +7.271,+0.955
1669692000,+3.46,+21.315, +7.273,+0.955
1669692300,+3.46,+21.332, +7.255,+0.955
1669692600,+3.46,+21.340, +7.260,+0.956
1669692900,+3.46,+21.307, +7.267,+0.955
1669693200,+3.46,+21.332, +7.279,+0.955
1669693500,+3.46,+21.315, +7.286,+0.955
1669693800,+3.46,+21.324, +7.268,+0.955
1669694100,+3.46,+21.315, +7.268,+0.955
1669694400,+3.46,+21.315, +7.259,+0.956
1669694700,+3.46,+21.315, +7.260,+0.955
1669695000,+3.46,+21.299, +7.242,+0.955
1669695300,+3.46,+21.332, +7.247,+0.955
1669695600,+3.46,+21.340, +7.231,+0.955
1669695900,+3.46,+21.324, +7.244,+0.955
1669696200,+3.46,+21.332, +7.241,+0.955
1669696500,+3.46,+21.332, +7.235,+0.955
1669696800,+3.46,+21.307, +7.242,+0.955
1669697100,+3.46,+21.324, +7.236,+0.956
1669697400,+3.46,+21.315, +7.233,+0.956
1669697700,+3.46,+21.324, +7.235,+0.956
1669698000,+3.46,+21.307, +7.229,+0.955
1669698300,+3.46,+21.307, +7.220,+0.955
1669698600,+3.46,+21.307, +7.220,+0.955
1669698900,+3.46,+21.324, +7.296,+0.955
1669699200,+3.46,+21.324, +7.288,+0.955
1669699500,+3.46,+21.290, +7.284,+0.955
1669699800,+3.46,+21.315, +7.347,+0.955
1669700100,+3.46,+21.307, +7.355,+0.956
1669700400,+3.46,+21.324, +7.335,+0.955
1669700700,+3.46,+21.315, +7.363,+0.955
1669701000,+3.46,+21.324, +7.360,+0.955
1669701300,+3.46,+21.290, +7.371,+0.955
1669701600,+3.46,+21.282, +7.383,+0.955
1669701900,+3.46,+21.315, +7.370,+0.956
1669702200,+3.46,+21.290, +7.360,+0.955
1669702500,+3.46,+21.307, +7.383,+0.956
1669702800,+3.46,+21.299, +7.372,+0.955
1669703100,+3.46,+21.315, +7.350,+0.955
1669703400,+3.46,+21.315, +7.348,+0.955
1669703700,+3.46,+21.307, +7.392,+0.955
1669704000,+3.46,+21.324, +7.388,+0.955
1669704300,+3.46,+21.307, +7.370,+0.955
1669704600,+3.46,+21.307, +7.347,+0.955
1669704900,+3.46,+21.315, +7.373,+0.955
1669705200,+3.46,+21.307, +7.368,+0.955
1669705500,+3.46,+21.324, +7.374,+0.956
1669705800,+3.46,+21.299, +7.387,+0.955
1669706100,+3.46,+21.290, +7.400,+0.955
1669706400,+3.46,+21.307, +7.419,+0.955
1669706700,+3.46,+21.307, +7.419,+0.955
1669707000,+3.46,+21.324, +7.414,+0.955
1669707300,+3.46,+21.299, +7.411,+0.955
1669707600,+3.46,+21.290, +7.374,+0.955
1669707900,+3.46,+21.315, +7.405,+0.955
1669708200,+3.46,+21.290, +7.396,+0.955
1669708500,+3.46,+21.324, +7.422,+0.956
1669708800,+3.46,+21.290, +7.424,+0.956
1669709100,+3.46,+21.299, +7.419,+0.955
1669709400,+3.46,+21.273, +7.428,+0.955
1669709700,+3.46,+21.290, +7.404,+0.955
1669710000,+3.46,+21.290, +7.422,+0.955
1669710300,+3.46,+21.315, +7.418,+0.955
1669710600,+3.46,+21.282, +7.445,+0.956
1669710900,+3.46,+21.282, +7.420,+0.955
1669711200,+3.46,+21.299, +7.396,+0.955
1669711500,+3.46,+21.290, +7.399,+0.955
1669711800,+3.46,+21.307, +7.410,+0.955
1669712100,+3.46,+21.265, +7.418,+0.955
1669712400,+3.46,+21.282, +7.427,+0.955
1669712700,+3.46,+21.273, +7.428,+0.955
1669713000,+3.46,+21.290, +7.408,+0.955
1669713300,+3.46,+21.282, +7.425,+0.955
1669713600,+3.46,+21.282, +7.420,+0.955
1669713900,+3.46,+21.299, +7.413,+0.955
1669714200,+3.46,+21.290, +7.412,+0.955
1669714500,+3.46,+21.273, +7.400,+0.955
1669714800,+3.46,+21.299, +7.418,+0.955
1669715100,+3.46,+21.299, +7.409,+0.955
1669715400,+3.46,+21.299, +7.405,+0.955
1669715700,+3.46,+21.273, +7.411,+0.955
1669716000,+3.46,+21.282, +7.404,+0.955
1669716300,+3.46,+21.290, +7.394,+0.955
1669716600,+3.46,+21.273, +7.424,+0.955
1669716900,+3.46,+21.290, +7.419,+0.956
1669717200,+3.46,+21.307, +7.408,+0.955
1669717500,+3.46,+21.307, +7.408,+0.956
1669717800,+3.46,+21.290, +7.387,+0.955
1669718100,+3.46,+21.282, +7.384,+0.955
1669718400,+3.46,+21.290, +7.396,+0.955
1669718700,+3.46,+21.299, +7.406,+0.956
1669719000,+3.46,+21.282, +7.418,+0.955
1669719300,+3.46,+21.282, +7.412,+0.955
1669719600,+3.46,+21.299, +7.407,+0.955
1669719900,+3.46,+21.299, +7.402,+0.955
1669720200,+3.46,+21.282, +7.409,+0.955
1669720500,+3.46,+21.324, +7.416,+0.955
1669720800,+3.46,+21.299, +7.414,+0.955
1669721100,+3.46,+21.290, +7.412,+0.955
1669721400,+3.46,+21.307, +7.415,+0.955
1669721700,+3.46,+21.324, +7.428,+0.955
1669722000,+3.46,+21.315, +7.423,+0.955
1669722300,+3.46,+21.307, +7.431,+0.956
1669722600,+3.46,+21.315, +7.435,+0.955
1669722900,+3.46,+21.332, +7.451,+0.955
1669723200,+3.46,+21.332, +7.490,+0.955
1669723500,+3.46,+21.349, +7.474,+0.955
1669723800,+3.46,+21.349, +7.457,+0.955
1669724100,+3.46,+21.349, +7.460,+0.955
1669724400,+3.46,+21.357, +7.468,+0.955
1669724700,+3.46,+21.382, +7.474,+0.955
1669725000,+3.46,+21.374, +7.490,+0.955
1669725300,+3.46,+21.407, +7.496,+0.955
1669725600,+3.46,+21.399, +7.501,+0.955
1669725900,+3.46,+21.391, +7.507,+0.955
1669726200,+3.46,+21.391, +7.489,+0.955
1669726500,+3.46,+21.399, +7.481,+0.955
1669726800,+3.46,+21.374, +7.479,+0.955
1669727100,+3.46,+21.399, +7.500,+0.955
1669727400,+3.46,+21.391, +7.521,+0.956
1669727700,+3.46,+21.416, +7.513,+0.955
1669728000,+3.46,+21.407, +7.515,+0.955
1669728300,+3.46,+21.407, +7.529,+0.955
1669728600,+3.46,+21.407, +7.542,+0.955
1669728900,+3.46,+21.458, +7.574,+0.955
1669729200,+3.46,+21.449, +7.597,+0.956
1669729500,+3.46,+21.458, +7.559,+0.955
1669729800,+3.46,+21.458, +7.558,+0.955
1669730100,+3.46,+21.483, +7.586,+0.955
1669730400,+3.46,+21.491, +7.592,+0.955
1669730700,+3.46,+21.491, +7.568,+0.955
1669731000,+3.46,+21.499, +7.560,+0.955
1669731300,+3.46,+21.516, +7.553,+0.956
1669731600,+3.46,+21.508, +7.552,+0.955
1669731900,+3.46,+21.525, +7.576,+0.955
1669732200,+3.46,+21.550, +7.544,+0.955
1669732500,+3.46,+21.558, +7.546,+0.955
1669732800,+3.46,+21.550, +7.540,+0.956
1669733100,+3.46,+21.550, +7.535,+0.956
1669733400,+3.46,+21.541, +7.518,+0.955
1669733700,+3.46,+21.558, +7.548,+0.955
1669734000,+3.46,+21.600, +7.563,+0.955
1669734300,+3.46,+21.591, +7.547,+0.955
1669734600,+3.46,+21.625, +7.563,+0.955
1669734900,+3.46,+21.675, +7.555,+0.955
1669735200,+3.46,+21.650, +7.559,+0.955
1669735500,+3.46,+21.633, +7.553,+0.955
1669735800,+3.46,+21.633, +7.606,+0.955
1669736100,+3.46,+21.617, +7.617,+0.955
1669736400,+3.46,+21.591, +7.594,+0.955
1669736700,+3.46,+21.608, +7.542,+0.955
1669737000,+3.46,+21.583, +7.540,+0.955
1669737300,+3.46,+21.591, +7.559,+0.956
1669737600,+3.46,+21.583, +7.580,+0.956
1669737900,+3.46,+21.575, +7.592,+0.955
1669738200,+3.46,+21.600, +7.594,+0.955
1669738500,+3.46,+21.583, +7.580,+0.955
1669738800,+3.46,+21.558, +7.583,+0.956
1669739100,+3.46,+21.566, +7.592,+0.955
1669739400,+3.46,+21.541, +7.603,+0.955
