7450-041662
OS REV: 1.05 Sensor Cal: 1663258284
Time (sec),  BV (Volts),  T (deg C),  DO (mg/l),  Q ()
1668785520,+3.46,+21.993, +8.675,+0.957
1668785820,+3.46,+21.976, +8.698,+0.957
1668786120,+3.46,+21.968, +8.711,+0.957
1668786420,+3.46,+22.018, +8.685,+0.957
1668786720,+3.46,+22.077, +8.695,+0.957
1668787020,+3.46,+22.069, +8.686,+0.957
1668787320,+3.46,+22.060, +8.713,+0.957
1668787620,+3.46,+22.102, +8.697,+0.957
1668787920,+3.46,+22.069, +8.725,+0.957
1668788220,+3.46,+22.135, +8.691,+0.957
1668788520,+3.46,+22.161, +8.680,+0.956
1668788820,+3.46,+22.135, +8.711,+0.957
1668789120,+3.46,+22.119, +8.715,+0.957
1668789420,+3.46,+22.177, +8.712,+0.957
1668789720,+3.46,+22.244, +8.700,+0.957
1668790020,+3.46,+22.244, +8.691,+0.957
1668790320,+3.46,+22.236, +8.705,+0.957
1668790620,+3.46,+22.244, +8.696,+0.957
1668790920,+3.46,+22.286, +8.700,+0.957
1668791220,+3.46,+22.311, +8.697,+0.957
1668791520,+3.46,+22.311, +8.703,+0.957
1668791820,+3.46,+22.328, +8.682,+0.956
1668792120,+3.46,+22.353, +8.682,+0.957
1668792420,+3.46,+22.353, +8.698,+0.957
1668792720,+3.46,+22.370, +8.691,+0.957
1668793020,+3.46,+22.412, +8.698,+0.958
1668793320,+3.46,+22.412, +8.679,+0.957
1668793620,+3.46,+22.462, +8.681,+0.957
1668793920,+3.46,+22.470, +8.680,+0.957
1668794220,+3.46,+22.495, +8.668,+0.957
1668794520,+3.46,+22.504, +8.687,+0.957
1668794820,+3.46,+22.512, +8.694,+0.957
1668795120,+3.46,+22.571, +8.687,+0.957
1668795420,+3.46,+22.562, +8.680,+0.957
1668795720,+3.46,+22.562, +8.686,+0.957
1668796020,+3.46,+22.571, +8.679,+0.957
1668796320,+3.46,+22.537, +8.702,+0.958
1668796620,+3.46,+22.571, +8.676,+0.957
1668796920,+3.46,+22.554, +8.689,+0.957
1668797220,+3.46,+22.562, +8.673,+0.957
1668797520,+3.46,+22.546, +8.681,+0.957
1668797820,+3.46,+22.537, +8.694,+0.957
1668798120,+3.46,+22.554, +8.681,+0.957
1668798420,+3.46,+22.546, +8.679,+0.957
1668798720,+3.46,+22.546, +8.688,+0.957
1668799020,+3.46,+22.546, +8.670,+0.957
1668799320,+3.46,+22.537, +8.674,+0.957
1668799620,+3.46,+22.521, +8.682,+0.957
1668799920,+3.46,+22.504, +8.667,+0.957
1668800220,+3.46,+22.495, +8.678,+0.957
1668800520,+3.46,+22.504, +8.678,+0.957
1668800820,+3.46,+22.495, +8.691,+0.957
1668801120,+3.46,+22.512, +8.688,+0.956
1668801420,+3.46,+22.479, +8.671,+0.957
1668801720,+3.46,+22.487, +8.683,+0.957
1668802020,+3.46,+22.495, +8.675,+0.957
1668802320,+3.46,+22.479, +8.682,+0.958
1668802620,+3.46,+22.495, +8.655,+0.957
1668802920,+3.46,+22.470, +8.673,+0.957
1668803220,+3.46,+22.454, +8.665,+0.957
1668803520,+3.46,+22.454, +8.652,+0.957
1668803820,+3.46,+22.437, +8.658,+0.957
1668804120,+3.46,+22.437, +8.666,+0.957
1668804420,+3.46,+22.420, +8.657,+0.957
1668804720,+3.46,+22.395, +8.653,+0.957
1668805020,+3.46,+22.387, +8.662,+0.957
1668805320,+3.46,+22.395, +8.647,+0.957
1668805620,+3.46,+22.345, +8.647,+0.957
1668805920,+3.46,+22.328, +8.660,+0.957
1668806220,+3.46,+22.345, +8.643,+0.957
1668806520,+3.46,+22.320, +8.631,+0.957
1668806820,+3.46,+22.311, +8.677,+0.957
1668807120,+3.46,+22.303, +8.664,+0.958
1668807420,+3.46,+22.278, +8.641,+0.956
1668807720,+3.46,+22.236, +8.663,+0.957
1668808020,+3.46,+22.236, +8.653,+0.957
1668808320,+3.46,+22.261, +8.643,+0.957
1668808620,+3.46,+22.219, +8.636,+0.957
1668808920,+3.46,+22.202, +8.643,+0.957
1668809220,+3.46,+22.202, +8.628,+0.956
1668809520,+3.46,+22.211, +8.631,+0.957
1668809820,+3.46,+22.169, +8.656,+0.957
1668810120,+3.46,+22.169, +8.661,+0.957
1668810420,+3.46,+22.152, +8.639,+0.957
1668810720,+3.46,+22.152, +8.643,+0.957
1668811020,+3.46,+22.144, +8.646,+0.957
1668811320,+3.46,+22.127, +8.646,+0.957
1668811620,+3.46,+22.135, +8.628,+0.957
1668811920,+3.46,+22.135, +8.626,+0.957
1668812220,+3.46,+22.085, +8.636,+0.957
1668812520,+3.46,+22.077, +8.634,+0.957
1668812820,+3.46,+22.110, +8.630,+0.957
1668813120,+3.46,+22.102, +8.632,+0.957
1668813420,+3.46,+22.077, +8.650,+0.957
1668813720,+3.46,+22.077, +8.642,+0.957
1668814020,+3.46,+22.077, +8.636,+0.957
1668814320,+3.46,+22.085, +8.634,+0.957
1668814620,+3.46,+22.060, +8.639,+0.957
1668814920,+3.46,+22.035, +8.629,+0.956
1668815220,+3.46,+22.035, +8.647,+0.957
1668815520,+3.46,+22.043, +8.627,+0.957
1668815820,+3.46,+22.010, +8.637,+0.957
1668816120,+3.46,+22.010, +8.645,+0.957
1668816420,+3.46,+22.002, +8.639,+0.957
1668816720,+3.46,+21.993, +8.632,+0.957
1668817020,+3.46,+21.993, +8.623,+0.957
1668817320,+3.46,+21.960, +8.619,+0.957
1668817620,+3.46,+21.976, +8.637,+0.957
1668817920,+3.46,+21.960, +8.612,+0.957
1668818220,+3.46,+21.943, +8.601,+0.957
1668818520,+3.46,+21.910, +8.626,+0.956
1668818820,+3.46,+21.918, +8.627,+0.957
1668819120,+3.46,+21.910, +8.623,+0.957
1668819420,+3.46,+21.868, +8.613,+0.957
1668819720,+3.46,+21.868, +8.625,+0.957
1668820020,+3.46,+21.859, +8.608,+0.957
1668820320,+3.46,+21.859, +8.585,+0.956
1668820620,+3.46,+21.851, +8.589,+0.957
1668820920,+3.46,+21.809, +8.589,+0.957
1668821220,+3.46,+21.784, +8.599,+0.957
1668821520,+3.46,+21.792, +8.596,+0.957
1668821820,+3.46,+21.792, +8.599,+0.957
1668822120,+3.46,+21.776, +8.581,+0.957
1668822420,+3.46,+21.767, +8.589,+0.957
1668822720,+3.46,+21.759, +8.587,+0.957
1668823020,+3.46,+21.784, +8.584,+0.957
1668823320,+3.46,+21.767, +8.571,+0.957
1668823620,+3.46,+21.784, +8.579,+0.957
1668823920,+3.46,+21.817, +8.566,+0.957
1668824220,+3.46,+21.809, +8.579,+0.957
1668824520,+3.46,+21.817, +8.561,+0.956
1668824820,+3.46,+21.826, +8.551,+0.957
1668825120,+3.46,+21.792, +8.551,+0.957
1668825420,+3.46,+21.784, +8.555,+0.957
1668825720,+3.46,+21.809, +8.547,+0.957
1668826020,+3.46,+21.792, +8.544,+0.957
1668826320,+3.46,+21.792, +8.558,+0.957
1668826620,+3.46,+21.817, +8.543,+0.957
1668826920,+3.46,+21.809, +8.540,+0.957
1668827220,+3.46,+21.792, +8.530,+0.957
1668827520,+3.46,+21.784, +8.533,+0.958
1668827820,+3.46,+21.776, +8.522,+0.957
1668828120,+3.46,+21.776, +8.529,+0.957
1668828420,+3.46,+21.751, +8.527,+0.957
1668828720,+3.46,+21.759, +8.536,+0.957
1668829020,+3.46,+21.742, +8.527,+0.957
1668829320,+3.46,+21.734, +8.535,+0.957
1668829620,+3.46,+21.734, +8.537,+0.957
1668829920,+3.46,+21.717, +8.535,+0.957
1668830220,+3.46,+21.734, +8.534,+0.957
1668830520,+3.46,+21.725, +8.538,+0.957
1668830820,+3.46,+21.709, +8.551,+0.957
1668831120,+3.46,+21.717, +8.544,+0.957
1668831420,+3.46,+21.700, +8.541,+0.957
1668831720,+3.46,+21.692, +8.534,+0.957
1668832020,+3.46,+21.700, +8.525,+0.957
1668832320,+3.46,+21.725, +8.522,+0.957
1668832620,+3.46,+21.734, +8.532,+0.957
1668832920,+3.46,+21.717, +8.521,+0.957
1668833220,+3.46,+21.717, +8.513,+0.957
1668833520,+3.46,+21.734, +8.503,+0.957
1668833820,+3.46,+21.700, +8.509,+0.957
1668834120,+3.46,+21.709, +8.517,+0.957
1668834420,+3.46,+21.675, +8.522,+0.957
1668834720,+3.46,+21.684, +8.511,+0.957
1668835020,+3.46,+21.667, +8.505,+0.957
1668835320,+3.46,+21.658, +8.493,+0.957
1668835620,+3.46,+21.650, +8.491,+0.958
1668835920,+3.46,+21.675, +8.458,+0.957
1668836220,+3.46,+21.642, +8.466,+0.957
1668836520,+3.46,+21.642, +8.467,+0.957
1668836820,+3.46,+21.658, +8.459,+0.957
1668837120,+3.46,+21.617, +8.465,+0.957
1668837420,+3.46,+21.625, +8.438,+0.957
1668837720,+3.46,+21.608, +8.436,+0.957
1668838020,+3.46,+21.608, +8.417,+0.957
1668838320,+3.46,+21.608, +8.439,+0.957
1668838620,+3.46,+21.575, +8.429,+0.957
1668838920,+3.46,+21.575, +8.414,+0.957
1668839220,+3.46,+21.575, +8.429,+0.957
1668839520,+3.46,+21.575, +8.428,+0.957
1668839820,+3.46,+21.575, +8.411,+0.957
1668840120,+3.46,+21.533, +8.417,+0.957
1668840420,+3.46,+21.533, +8.398,+0.957
1668840720,+3.46,+21.525, +8.401,+0.957
1668841020,+3.46,+21.525, +8.423,+0.957
1668841320,+3.46,+21.516, +8.394,+0.956
1668841620,+3.46,+21.491, +8.426,+0.957
1668841920,+3.46,+21.499, +8.411,+0.956
1668842220,+3.46,+21.499, +8.400,+0.957
1668842520,+3.46,+21.466, +8.386,+0.956
1668842820,+3.46,+21.491, +8.377,+0.957
1668843120,+3.46,+21.474, +8.417,+0.957
1668843420,+3.46,+21.474, +8.429,+0.957
1668843720,+3.46,+21.466, +8.412,+0.957
1668844020,+3.46,+21.466, +8.420,+0.957
1668844320,+3.46,+21.474, +8.402,+0.957
1668844620,+3.46,+21.458, +8.394,+0.957
1668844920,+3.46,+21.474, +8.388,+0.957
1668845220,+3.46,+21.449, +8.368,+0.957
1668845520,+3.46,+21.458, +8.409,+0.957
1668845820,+3.46,+21.458, +8.401,+0.957
1668846120,+3.46,+21.449, +8.400,+0.957
1668846420,+3.46,+21.432, +8.407,+0.957
1668846720,+3.46,+21.449, +8.403,+0.957
1668847020,+3.46,+21.416, +8.401,+0.957
1668847320,+3.46,+21.432, +8.398,+0.957
1668847620,+3.46,+21.432, +8.384,+0.957
1668847920,+3.46,+21.424, +8.400,+0.957
1668848220,+3.46,+21.399, +8.389,+0.957
1668848520,+3.46,+21.416, +8.408,+0.957
1668848820,+3.46,+21.416, +8.393,+0.957
1668849120,+3.46,+21.432, +8.374,+0.956
1668849420,+3.46,+21.432, +8.388,+0.957
1668849720,+3.46,+21.499, +8.405,+0.957
1668850020,+3.46,+21.541, +8.401,+0.957
1668850320,+3.46,+21.541, +8.404,+0.957
1668850620,+3.46,+21.550, +8.423,+0.957
1668850920,+3.46,+21.558, +8.414,+0.956
1668851220,+3.46,+21.566, +8.438,+0.957
1668851520,+3.46,+21.583, +8.437,+0.957
1668851820,+3.46,+21.591, +8.436,+0.957
1668852120,+3.46,+21.583, +8.432,+0.957
1668852420,+3.46,+21.558, +8.456,+0.957
1668852720,+3.46,+21.591, +8.459,+0.957
1668853020,+3.46,+21.608, +8.439,+0.956
1668853320,+3.46,+21.608, +8.450,+0.957
1668853620,+3.46,+21.600, +8.448,+0.957
1668853920,+3.46,+21.600, +8.461,+0.957
1668854220,+3.46,+21.633, +8.468,+0.957
1668854520,+3.46,+21.650, +8.462,+0.957
1668854820,+3.46,+21.650, +8.475,+0.957
1668855120,+3.46,+21.684, +8.473,+0.957
1668855420,+3.46,+21.684, +8.471,+0.957
1668855720,+3.46,+21.692, +8.465,+0.957
1668856020,+3.46,+21.717, +8.463,+0.957
1668856320,+3.46,+21.725, +8.467,+0.957
1668856620,+3.46,+21.709, +8.470,+0.957
1668856920,+3.46,+21.742, +8.468,+0.957
1668857220,+3.46,+21.734, +8.467,+0.957
1668857520,+3.46,+21.751, +8.468,+0.956
1668857820,+3.46,+21.767, +8.484,+0.957
1668858120,+3.46,+21.792, +8.492,+0.957
1668858420,+3.46,+21.801, +8.500,+0.957
1668858720,+3.46,+21.801, +8.480,+0.957
1668859020,+3.46,+21.851, +8.436,+0.956
1668859320,+3.46,+21.851, +8.488,+0.957
1668859620,+3.46,+21.876, +8.477,+0.956
1668859920,+3.46,+21.876, +8.481,+0.957
1668860220,+3.46,+21.868, +8.494,+0.957
1668860520,+3.46,+21.884, +8.494,+0.957
1668860820,+3.46,+21.859, +8.504,+0.957
1668861120,+3.46,+21.868, +8.511,+0.957
1668861420,+3.46,+21.876, +8.499,+0.956
1668861720,+3.46,+21.893, +8.511,+0.957
1668862020,+3.46,+21.918, +8.516,+0.957
1668862320,+3.46,+21.951, +8.511,+0.957
1668862620,+3.46,+21.935, +8.525,+0.956
1668862920,+3.46,+21.951, +8.524,+0.957
1668863220,+3.46,+21.985, +8.521,+0.957
1668863520,+3.46,+21.985, +8.517,+0.956
1668863820,+3.46,+22.010, +8.521,+0.957
1668864120,+3.46,+21.943, +8.544,+0.957
1668864420,+3.46,+21.901, +8.564,+0.957
1668864720,+3.46,+21.935, +8.566,+0.957
1668865020,+3.46,+22.010, +8.556,+0.957
1668865320,+3.46,+22.010, +8.548,+0.957
1668865620,+3.46,+21.985, +8.565,+0.957
1668865920,+3.46,+21.985, +8.570,+0.957
1668866220,+3.46,+22.002, +8.550,+0.957
1668866520,+3.46,+21.893, +8.558,+0.957
1668866820,+3.46,+21.859, +8.573,+0.956
1668867120,+3.46,+21.859, +8.571,+0.957
1668867420,+3.46,+21.851, +8.582,+0.957
1668867720,+3.46,+21.926, +8.580,+0.957
1668868020,+3.46,+21.893, +8.574,+0.956
1668868320,+3.46,+21.826, +8.599,+0.956
1668868620,+3.46,+21.826, +8.589,+0.957
1668868920,+3.46,+21.826, +8.604,+0.957
1668869220,+3.46,+21.826, +8.615,+0.957
1668869520,+3.46,+21.868, +8.617,+0.957
1668869820,+3.46,+21.876, +8.610,+0.957
1668870120,+3.46,+21.876, +8.619,+0.957
1668870420,+3.46,+21.876, +8.619,+0.957
1668870720,+3.46,+21.843, +8.640,+0.957
1668871020,+3.46,+21.868, +8.635,+0.957
1668871320,+3.46,+21.859, +8.644,+0.957
1668871620,+3.46,+21.826, +8.657,+0.957
1668871920,+3.46,+21.834, +8.653,+0.957
