7450-041662
OS REV: 1.05 Sensor Cal: 1663258284
Time (sec),  BV (Volts),  T (deg C),  DO (mg/l),  Q ()
1667745120,+3.46,+19.388, +8.090,+0.964
1667745420,+3.46,+19.430, +8.101,+0.964
1667745720,+3.46,+19.422, +8.094,+0.965
1667746020,+3.46,+19.396, +8.119,+0.964
1667746320,+3.46,+19.329, +8.161,+0.965
1667746620,+3.47,+19.329, +8.152,+0.964
1667746920,+3.46,+19.338, +8.160,+0.964
1667747220,+3.46,+19.312, +8.173,+0.964
1667747520,+3.46,+19.312, +8.169,+0.964
1667747820,+3.47,+19.312, +8.170,+0.964
1667748120,+3.46,+19.304, +8.177,+0.964
1667748420,+3.46,+19.279, +8.193,+0.964
1667748720,+3.46,+19.304, +8.196,+0.964
1667749020,+3.46,+19.405, +8.183,+0.965
1667749320,+3.46,+19.380, +8.207,+0.964
1667749620,+3.46,+19.489, +8.197,+0.964
1667749920,+3.46,+19.506, +8.205,+0.964
1667750220,+3.46,+19.606, +8.172,+0.964
1667750520,+3.46,+19.682, +8.151,+0.964
1667750820,+3.46,+19.657, +8.156,+0.963
1667751120,+3.46,+19.657, +8.182,+0.964
1667751420,+3.46,+19.657, +8.168,+0.964
1667751720,+3.46,+19.623, +8.180,+0.964
1667752020,+3.46,+19.606, +8.197,+0.964
1667752320,+3.46,+19.631, +8.205,+0.964
1667752620,+3.46,+19.640, +8.241,+0.964
1667752920,+3.46,+19.833, +8.181,+0.964
1667753220,+3.46,+19.866, +8.187,+0.964
1667753520,+3.46,+19.640, +8.187,+0.964
1667753820,+3.46,+19.539, +8.203,+0.964
1667754120,+3.46,+19.480, +8.234,+0.964
1667754420,+3.46,+19.455, +8.328,+0.964
1667754720,+3.46,+19.506, +8.206,+0.964
1667755020,+3.46,+19.438, +8.228,+0.964
1667755320,+3.46,+19.447, +8.237,+0.964
1667755620,+3.46,+19.497, +8.217,+0.964
1667755920,+3.46,+19.497, +8.262,+0.964
1667756220,+3.46,+19.564, +8.289,+0.964
1667756520,+3.46,+19.648, +8.272,+0.964
1667756820,+3.46,+19.581, +8.304,+0.964
1667757120,+3.46,+19.564, +8.315,+0.964
1667757420,+3.46,+19.497, +8.355,+0.964
1667757720,+3.46,+19.447, +8.367,+0.964
1667758020,+3.46,+19.405, +8.382,+0.964
1667758320,+3.46,+19.413, +8.399,+0.964
1667758620,+3.46,+19.455, +8.392,+0.964
1667758920,+3.46,+19.447, +8.392,+0.964
1667759220,+3.46,+19.447, +8.400,+0.965
1667759520,+3.46,+19.464, +8.394,+0.964
1667759820,+3.46,+19.430, +8.420,+0.964
1667760120,+3.46,+19.413, +8.423,+0.964
1667760420,+3.46,+19.371, +8.424,+0.964
1667760720,+3.46,+19.371, +8.391,+0.964
1667761020,+3.46,+19.346, +8.392,+0.964
1667761320,+3.46,+19.346, +8.394,+0.964
1667761620,+3.46,+19.346, +8.406,+0.964
1667761920,+3.46,+19.354, +8.410,+0.964
1667762220,+3.46,+19.354, +8.415,+0.964
1667762520,+3.46,+19.371, +8.417,+0.964
1667762820,+3.46,+19.380, +8.417,+0.964
1667763120,+3.46,+19.405, +8.406,+0.964
1667763420,+3.46,+19.363, +8.422,+0.965
1667763720,+3.46,+19.380, +8.403,+0.964
1667764020,+3.46,+19.380, +8.421,+0.965
1667764320,+3.46,+19.363, +8.430,+0.964
1667764620,+3.46,+19.346, +8.409,+0.964
1667764920,+3.46,+19.321, +8.417,+0.964
1667765220,+3.46,+19.329, +8.426,+0.964
1667765520,+3.46,+19.338, +8.431,+0.964
1667765820,+3.46,+19.338, +8.435,+0.964
1667766120,+3.46,+19.329, +8.449,+0.965
1667766420,+3.46,+19.312, +8.446,+0.964
1667766720,+3.46,+19.329, +8.452,+0.964
1667767020,+3.46,+19.329, +8.448,+0.964
1667767320,+3.46,+19.329, +8.465,+0.965
1667767620,+3.46,+19.312, +8.455,+0.964
1667767920,+3.46,+19.338, +8.456,+0.964
1667768220,+3.46,+19.329, +8.450,+0.964
1667768520,+3.46,+19.321, +8.456,+0.964
1667768820,+3.46,+19.287, +8.480,+0.965
1667769120,+3.46,+19.279, +8.470,+0.964
1667769420,+3.47,+19.279, +8.467,+0.964
1667769720,+3.47,+19.262, +8.462,+0.964
1667770020,+3.47,+19.270, +8.458,+0.964
1667770320,+3.46,+19.270, +8.447,+0.964
1667770620,+3.47,+19.245, +8.456,+0.964
1667770920,+3.46,+19.237, +8.445,+0.964
1667771220,+3.47,+19.245, +8.432,+0.964
1667771520,+3.47,+19.237, +8.425,+0.964
1667771820,+3.47,+19.186, +8.442,+0.964
1667772120,+3.47,+19.186, +8.446,+0.964
1667772420,+3.47,+19.178, +8.445,+0.964
1667772720,+3.47,+19.161, +8.436,+0.964
1667773020,+3.47,+19.161, +8.427,+0.964
1667773320,+3.47,+19.170, +8.426,+0.965
1667773620,+3.47,+19.144, +8.410,+0.964
1667773920,+3.47,+19.144, +8.401,+0.964
1667774220,+3.47,+19.144, +8.398,+0.964
1667774520,+3.47,+19.153, +8.377,+0.964
1667774820,+3.47,+19.153, +8.378,+0.964
1667775120,+3.47,+19.119, +8.367,+0.964
1667775420,+3.47,+19.128, +8.361,+0.964
1667775720,+3.47,+19.136, +8.352,+0.964
1667776020,+3.47,+19.128, +8.355,+0.964
1667776320,+3.47,+19.119, +8.358,+0.964
1667776620,+3.47,+19.094, +8.358,+0.964
1667776920,+3.47,+19.102, +8.356,+0.964
1667777220,+3.47,+19.094, +8.335,+0.964
1667777520,+3.47,+19.086, +8.332,+0.964
1667777820,+3.47,+19.086, +8.332,+0.964
1667778120,+3.47,+19.086, +8.331,+0.964
1667778420,+3.47,+19.094, +8.331,+0.964
1667778720,+3.47,+19.094, +8.322,+0.964
1667779020,+3.47,+19.060, +8.325,+0.964
1667779320,+3.47,+19.086, +8.320,+0.964
1667779620,+3.47,+19.094, +8.314,+0.964
1667779920,+3.47,+19.086, +8.311,+0.964
1667780220,+3.47,+19.069, +8.293,+0.964
1667780520,+3.47,+19.035, +8.286,+0.964
1667780820,+3.47,+19.052, +8.268,+0.964
1667781120,+3.47,+19.069, +8.275,+0.964
1667781420,+3.47,+19.069, +8.267,+0.964
1667781720,+3.47,+19.035, +8.274,+0.964
1667782020,+3.47,+19.035, +8.276,+0.964
1667782320,+3.47,+19.052, +8.273,+0.964
1667782620,+3.47,+19.060, +8.258,+0.964
1667782920,+3.47,+19.044, +8.257,+0.964
1667783220,+3.47,+19.060, +8.236,+0.964
1667783520,+3.47,+19.027, +8.221,+0.964
1667783820,+3.47,+19.052, +8.203,+0.964
1667784120,+3.47,+19.035, +8.161,+0.964
1667784420,+3.47,+19.027, +8.158,+0.964
1667784720,+3.47,+19.027, +8.172,+0.964
1667785020,+3.47,+19.052, +8.139,+0.964
1667785320,+3.47,+19.044, +8.136,+0.964
1667785620,+3.47,+19.027, +8.151,+0.964
1667785920,+3.47,+19.052, +8.186,+0.964
1667786220,+3.47,+19.027, +8.184,+0.964
1667786520,+3.47,+19.027, +8.139,+0.964
1667786820,+3.47,+19.044, +8.159,+0.964
1667787120,+3.47,+19.044, +8.193,+0.964
1667787420,+3.47,+19.027, +8.197,+0.964
1667787720,+3.47,+19.052, +8.183,+0.964
1667788020,+3.47,+19.044, +8.173,+0.964
1667788320,+3.47,+19.052, +8.161,+0.964
1667788620,+3.47,+19.010, +8.176,+0.964
1667788920,+3.47,+19.035, +8.166,+0.964
1667789220,+3.47,+19.018, +8.144,+0.964
1667789520,+3.47,+19.035, +8.156,+0.964
1667789820,+3.47,+19.010, +8.149,+0.964
1667790120,+3.47,+19.052, +8.114,+0.964
1667790420,+3.47,+19.035, +8.116,+0.964
1667790720,+3.47,+19.010, +8.120,+0.964
1667791020,+3.47,+18.993, +8.122,+0.964
1667791320,+3.47,+19.010, +8.130,+0.964
1667791620,+3.47,+19.018, +8.154,+0.964
1667791920,+3.47,+19.018, +8.145,+0.964
1667792220,+3.47,+19.027, +8.140,+0.964
1667792520,+3.47,+19.018, +8.156,+0.964
1667792820,+3.47,+19.027, +8.164,+0.964
1667793120,+3.47,+18.993, +8.175,+0.964
1667793420,+3.47,+19.018, +8.157,+0.964
1667793720,+3.47,+19.018, +8.165,+0.964
1667794020,+3.47,+19.010, +8.154,+0.964
1667794320,+3.47,+19.010, +8.165,+0.964
1667794620,+3.47,+19.027, +8.162,+0.964
1667794920,+3.47,+19.027, +8.150,+0.964
1667795220,+3.47,+19.018, +8.151,+0.964
1667795520,+3.47,+19.010, +8.160,+0.964
1667795820,+3.47,+19.010, +8.147,+0.964
1667796120,+3.46,+19.018, +8.142,+0.964
1667796420,+3.47,+19.035, +8.134,+0.964
1667796720,+3.47,+19.010, +8.131,+0.964
1667797020,+3.47,+19.027, +8.116,+0.963
1667797320,+3.47,+19.027, +8.103,+0.964
1667797620,+3.47,+19.018, +8.105,+0.964
1667797920,+3.47,+19.002, +8.125,+0.964
1667798220,+3.47,+19.002, +8.108,+0.964
1667798520,+3.47,+19.010, +8.105,+0.964
1667798820,+3.47,+18.985, +8.099,+0.963
1667799120,+3.47,+18.993, +8.109,+0.964
1667799420,+3.47,+19.010, +8.091,+0.963
1667799720,+3.47,+19.002, +8.104,+0.964
1667800020,+3.47,+19.018, +8.090,+0.964
1667800320,+3.47,+19.010, +8.074,+0.964
1667800620,+3.47,+19.018, +8.068,+0.964
1667800920,+3.46,+18.985, +8.065,+0.964
1667801220,+3.46,+18.985, +8.065,+0.964
1667801520,+3.46,+18.985, +8.061,+0.964
1667801820,+3.46,+18.993, +8.060,+0.964
1667802120,+3.46,+18.976, +8.054,+0.964
1667802420,+3.46,+18.985, +8.076,+0.964
1667802720,+3.46,+18.985, +8.086,+0.964
1667803020,+3.46,+18.976, +8.074,+0.963
1667803320,+3.46,+18.985, +8.055,+0.964
1667803620,+3.46,+18.976, +8.069,+0.964
1667803920,+3.46,+18.968, +8.064,+0.964
1667804220,+3.46,+18.985, +8.047,+0.964
1667804520,+3.46,+18.960, +8.055,+0.964
1667804820,+3.46,+18.960, +8.060,+0.964
1667805120,+3.46,+18.960, +8.050,+0.964
1667805420,+3.46,+18.976, +8.048,+0.964
1667805720,+3.46,+18.968, +8.051,+0.964
1667806020,+3.46,+18.951, +8.043,+0.964
1667806320,+3.46,+18.960, +8.050,+0.964
1667806620,+3.46,+18.968, +8.035,+0.964
1667806920,+3.46,+18.968, +8.035,+0.964
1667807220,+3.46,+18.968, +8.033,+0.964
1667807520,+3.46,+18.943, +8.019,+0.964
1667807820,+3.46,+18.934, +8.019,+0.964
1667808120,+3.46,+18.943, +7.998,+0.964
1667808420,+3.46,+18.943, +7.998,+0.964
1667808720,+3.46,+18.960, +7.989,+0.964
1667809020,+3.46,+18.934, +7.978,+0.964
1667809320,+3.46,+18.951, +7.965,+0.964
1667809620,+3.46,+18.943, +7.965,+0.964
1667809920,+3.46,+18.934, +7.956,+0.964
1667810220,+3.46,+18.926, +7.952,+0.964
1667810520,+3.46,+18.918, +7.950,+0.964
1667810820,+3.46,+18.934, +7.942,+0.964
1667811120,+3.46,+18.918, +7.955,+0.964
1667811420,+3.46,+18.909, +7.942,+0.964
1667811720,+3.46,+18.926, +7.941,+0.964
1667812020,+3.46,+18.918, +7.943,+0.963
1667812320,+3.46,+18.918, +7.931,+0.964
1667812620,+3.46,+18.918, +7.904,+0.963
1667812920,+3.46,+18.901, +7.906,+0.963
1667813220,+3.46,+18.892, +7.904,+0.964
1667813520,+3.46,+18.901, +7.883,+0.964
1667813820,+3.46,+18.918, +7.872,+0.964
1667814120,+3.46,+18.901, +7.884,+0.964
1667814420,+3.46,+18.909, +7.850,+0.964
1667814720,+3.46,+18.901, +7.828,+0.964
1667815020,+3.46,+18.926, +7.853,+0.964
1667815320,+3.46,+18.918, +7.832,+0.964
1667815620,+3.46,+18.934, +7.841,+0.964
1667815920,+3.46,+18.892, +7.831,+0.964
1667816220,+3.46,+18.934, +7.825,+0.964
1667816520,+3.46,+18.918, +7.852,+0.964
1667816820,+3.46,+18.926, +7.852,+0.963
1667817120,+3.46,+18.926, +7.876,+0.963
1667817420,+3.46,+18.918, +7.894,+0.964
1667817720,+3.46,+18.934, +7.881,+0.964
1667818020,+3.46,+18.968, +7.879,+0.964
1667818320,+3.46,+18.968, +7.884,+0.963
1667818620,+3.46,+18.976, +7.878,+0.964
1667818920,+3.46,+18.985, +7.885,+0.963
1667819220,+3.47,+18.985, +7.890,+0.963
1667819520,+3.46,+18.993, +7.888,+0.963
1667819820,+3.46,+19.018, +7.885,+0.963
1667820120,+3.47,+18.993, +7.898,+0.964
1667820420,+3.46,+18.993, +7.898,+0.963
1667820720,+3.46,+19.018, +7.901,+0.964
1667821020,+3.47,+19.010, +7.908,+0.964
1667821320,+3.47,+19.027, +7.914,+0.964
1667821620,+3.47,+19.018, +7.916,+0.963
1667821920,+3.47,+19.044, +7.917,+0.964
1667822220,+3.47,+19.044, +7.922,+0.964
1667822520,+3.47,+19.077, +7.919,+0.963
1667822820,+3.47,+19.102, +7.924,+0.963
1667823120,+3.47,+19.128, +7.919,+0.963
1667823420,+3.47,+19.136, +7.923,+0.963
1667823720,+3.47,+19.161, +7.932,+0.964
1667824020,+3.47,+19.161, +7.930,+0.964
1667824320,+3.47,+19.203, +7.953,+0.964
1667824620,+3.47,+19.220, +7.921,+0.963
1667824920,+3.47,+19.228, +7.947,+0.963
1667825220,+3.46,+19.279, +7.952,+0.963
1667825520,+3.46,+19.287, +7.949,+0.963
1667825820,+3.46,+19.262, +7.968,+0.963
1667826120,+3.46,+19.296, +7.957,+0.964
1667826420,+3.46,+19.321, +7.956,+0.963
1667826720,+3.46,+19.321, +7.982,+0.963
1667827020,+3.46,+19.346, +7.981,+0.963
1667827320,+3.46,+19.363, +7.987,+0.963
1667827620,+3.46,+19.388, +7.995,+0.964
1667827920,+3.46,+19.396, +7.986,+0.963
1667828220,+3.46,+19.422, +7.984,+0.963
1667828520,+3.46,+19.472, +7.992,+0.963
1667828820,+3.46,+19.489, +8.011,+0.963
1667829120,+3.46,+19.522, +8.051,+0.963
1667829420,+3.46,+19.547, +8.057,+0.963
1667829720,+3.46,+19.556, +8.049,+0.963
1667830020,+3.46,+19.598, +8.104,+0.963
1667830320,+3.46,+19.623, +8.080,+0.963
1667830620,+3.46,+19.615, +8.121,+0.963
1667830920,+3.46,+19.623, +8.160,+0.963
1667831220,+3.46,+19.673, +8.163,+0.963
1667831520,+3.46,+19.682, +8.172,+0.963
