7450-041662
OS REV: 1.05 Sensor Cal: 1663258284
Time (sec),  BV (Volts),  T (deg C),  DO (mg/l),  Q ()
1671370800,+3.46,+23.124, +7.611,+0.951
1671371100,+3.46,+23.132, +7.620,+0.951
1671371400,+3.46,+23.149, +7.619,+0.952
1671371700,+3.46,+23.149, +7.628,+0.951
1671372000,+3.46,+23.149, +7.645,+0.952
1671372300,+3.46,+23.140, +7.650,+0.951
1671372600,+3.46,+23.157, +7.658,+0.951
1671372900,+3.46,+23.157, +7.656,+0.951
1671373200,+3.46,+23.149, +7.665,+0.951
1671373500,+3.46,+23.157, +7.661,+0.951
1671373800,+3.46,+23.157, +7.655,+0.951
1671374100,+3.45,+23.157, +7.666,+0.951
1671374400,+3.46,+23.157, +7.666,+0.951
1671374700,+3.46,+23.149, +7.674,+0.952
1671375000,+3.45,+23.140, +7.673,+0.951
1671375300,+3.46,+23.115, +7.671,+0.952
1671375600,+3.46,+23.115, +7.681,+0.951
1671375900,+3.46,+23.132, +7.674,+0.951
1671376200,+3.46,+23.132, +7.681,+0.952
1671376500,+3.46,+23.149, +7.677,+0.951
1671376800,+3.46,+23.140, +7.672,+0.952
1671377100,+3.46,+23.157, +7.681,+0.951
1671377400,+3.46,+23.157, +7.702,+0.952
1671377700,+3.46,+23.149, +7.702,+0.951
1671378000,+3.46,+23.157, +7.708,+0.952
1671378300,+3.46,+23.165, +7.715,+0.951
1671378600,+3.46,+23.157, +7.718,+0.951
1671378900,+3.45,+23.149, +7.728,+0.952
1671379200,+3.46,+23.140, +7.729,+0.951
1671379500,+3.46,+23.157, +7.726,+0.951
1671379800,+3.46,+23.165, +7.735,+0.952
1671380100,+3.46,+23.174, +7.744,+0.952
1671380400,+3.45,+23.182, +7.741,+0.951
1671380700,+3.46,+23.191, +7.752,+0.951
1671381000,+3.46,+23.191, +7.764,+0.951
1671381300,+3.46,+23.191, +7.767,+0.952
1671381600,+3.46,+23.182, +7.754,+0.951
1671381900,+3.46,+23.191, +7.767,+0.951
1671382200,+3.45,+23.174, +7.769,+0.951
1671382500,+3.46,+23.165, +7.785,+0.952
1671382800,+3.46,+23.191, +7.777,+0.951
1671383100,+3.46,+23.182, +7.782,+0.951
1671383400,+3.46,+23.165, +7.788,+0.951
1671383700,+3.46,+23.149, +7.790,+0.951
1671384000,+3.46,+23.140, +7.789,+0.951
1671384300,+3.46,+23.140, +7.811,+0.952
1671384600,+3.46,+23.140, +7.803,+0.952
1671384900,+3.46,+23.157, +7.786,+0.951
1671385200,+3.46,+23.132, +7.811,+0.951
1671385500,+3.46,+23.140, +7.797,+0.951
1671385800,+3.46,+23.140, +7.810,+0.951
1671386100,+3.46,+23.140, +7.813,+0.951
1671386400,+3.46,+23.140, +7.824,+0.952
1671386700,+3.46,+23.140, +7.805,+0.951
1671387000,+3.46,+23.157, +7.808,+0.951
1671387300,+3.45,+23.132, +7.818,+0.951
1671387600,+3.46,+23.149, +7.821,+0.951
1671387900,+3.46,+23.140, +7.816,+0.951
1671388200,+3.46,+23.124, +7.833,+0.952
1671388500,+3.46,+23.115, +7.836,+0.951
1671388800,+3.46,+23.115, +7.832,+0.951
1671389100,+3.46,+23.124, +7.824,+0.951
1671389400,+3.46,+23.115, +7.843,+0.952
1671389700,+3.46,+23.140, +7.825,+0.951
1671390000,+3.46,+23.124, +7.837,+0.952
1671390300,+3.46,+23.124, +7.840,+0.951
1671390600,+3.46,+23.124, +7.855,+0.951
1671390900,+3.46,+23.107, +7.858,+0.952
1671391200,+3.46,+23.107, +7.841,+0.951
1671391500,+3.46,+23.115, +7.841,+0.952
1671391800,+3.45,+23.107, +7.842,+0.952
1671392100,+3.46,+23.124, +7.835,+0.951
1671392400,+3.46,+23.140, +7.833,+0.951
1671392700,+3.46,+23.132, +7.842,+0.952
1671393000,+3.46,+23.115, +7.854,+0.952
1671393300,+3.46,+23.090, +7.855,+0.951
1671393600,+3.46,+23.132, +7.839,+0.951
1671393900,+3.46,+23.107, +7.849,+0.951
1671394200,+3.46,+23.082, +7.854,+0.951
1671394500,+3.45,+23.124, +7.838,+0.951
1671394800,+3.46,+23.082, +7.840,+0.951
1671395100,+3.46,+23.098, +7.848,+0.951
1671395400,+3.46,+23.107, +7.833,+0.951
1671395700,+3.46,+23.107, +7.831,+0.951
1671396000,+3.46,+23.090, +7.828,+0.951
1671396300,+3.46,+23.090, +7.835,+0.951
1671396600,+3.46,+23.090, +7.831,+0.952
1671396900,+3.46,+23.082, +7.829,+0.951
1671397200,+3.46,+23.090, +7.825,+0.951
1671397500,+3.46,+23.090, +7.822,+0.951
1671397800,+3.46,+23.065, +7.838,+0.952
1671398100,+3.46,+23.057, +7.822,+0.951
1671398400,+3.46,+23.057, +7.826,+0.952
1671398700,+3.46,+23.065, +7.817,+0.951
1671399000,+3.46,+23.040, +7.821,+0.952
1671399300,+3.46,+23.065, +7.816,+0.952
1671399600,+3.46,+23.031, +7.809,+0.951
1671399900,+3.46,+23.048, +7.792,+0.951
1671400200,+3.46,+23.031, +7.799,+0.951
1671400500,+3.46,+23.040, +7.793,+0.951
1671400800,+3.46,+23.015, +7.801,+0.951
1671401100,+3.46,+23.015, +7.804,+0.951
1671401400,+3.46,+22.981, +7.794,+0.951
1671401700,+3.46,+22.990, +7.792,+0.951
1671402000,+3.46,+23.006, +7.788,+0.951
1671402300,+3.46,+23.015, +7.790,+0.952
1671402600,+3.46,+23.006, +7.773,+0.952
1671402900,+3.46,+22.998, +7.790,+0.952
1671403200,+3.46,+22.973, +7.787,+0.951
1671403500,+3.46,+22.964, +7.781,+0.951
1671403800,+3.46,+22.981, +7.783,+0.952
1671404100,+3.46,+22.956, +7.784,+0.953
1671404400,+3.46,+22.964, +7.775,+0.952
1671404700,+3.46,+22.990, +7.761,+0.952
1671405000,+3.46,+22.956, +7.766,+0.951
1671405300,+3.46,+22.964, +7.762,+0.951
1671405600,+3.46,+22.964, +7.764,+0.951
1671405900,+3.46,+22.956, +7.764,+0.951
1671406200,+3.46,+22.948, +7.759,+0.952
1671406500,+3.46,+22.939, +7.743,+0.952
1671406800,+3.46,+22.948, +7.737,+0.951
1671407100,+3.46,+22.964, +7.745,+0.951
1671407400,+3.46,+22.931, +7.744,+0.951
1671407700,+3.46,+22.964, +7.744,+0.952
1671408000,+3.46,+22.931, +7.743,+0.952
1671408300,+3.46,+22.906, +7.711,+0.952
1671408600,+3.46,+22.922, +7.707,+0.952
1671408900,+3.46,+22.948, +7.683,+0.952
1671409200,+3.46,+22.922, +7.683,+0.952
1671409500,+3.46,+22.906, +7.676,+0.952
1671409800,+3.46,+22.906, +7.630,+0.952
1671410100,+3.46,+22.906, +7.695,+0.952
1671410400,+3.46,+22.897, +7.686,+0.952
1671410700,+3.46,+22.889, +7.686,+0.952
1671411000,+3.46,+22.906, +7.665,+0.951
1671411300,+3.46,+22.906, +7.656,+0.952
1671411600,+3.46,+22.881, +7.669,+0.952
1671411900,+3.46,+22.881, +7.607,+0.951
1671412200,+3.46,+22.889, +7.624,+0.951
1671412500,+3.46,+22.864, +7.640,+0.951
1671412800,+3.46,+22.881, +7.628,+0.952
1671413100,+3.46,+22.889, +7.546,+0.952
1671413400,+3.46,+22.881, +7.562,+0.952
1671413700,+3.46,+22.872, +7.535,+0.951
1671414000,+3.46,+22.847, +7.564,+0.951
1671414300,+3.46,+22.872, +7.567,+0.951
1671414600,+3.46,+22.839, +7.552,+0.951
1671414900,+3.46,+22.864, +7.530,+0.951
1671415200,+3.46,+22.864, +7.533,+0.951
1671415500,+3.46,+22.855, +7.536,+0.952
1671415800,+3.46,+22.847, +7.536,+0.952
1671416100,+3.46,+22.805, +7.524,+0.951
1671416400,+3.46,+22.805, +7.533,+0.951
1671416700,+3.46,+22.814, +7.537,+0.951
1671417000,+3.46,+22.814, +7.533,+0.951
1671417300,+3.46,+22.814, +7.538,+0.952
1671417600,+3.46,+22.797, +7.539,+0.951
1671417900,+3.46,+22.805, +7.541,+0.952
1671418200,+3.46,+22.780, +7.536,+0.951
1671418500,+3.46,+22.780, +7.540,+0.951
1671418800,+3.46,+22.780, +7.541,+0.952
1671419100,+3.46,+22.738, +7.553,+0.952
1671419400,+3.46,+22.747, +7.538,+0.951
1671419700,+3.46,+22.755, +7.542,+0.951
1671420000,+3.46,+22.747, +7.541,+0.951
1671420300,+3.46,+22.730, +7.540,+0.951
1671420600,+3.46,+22.730, +7.540,+0.952
1671420900,+3.46,+22.696, +7.560,+0.951
1671421200,+3.46,+22.755, +7.592,+0.952
1671421500,+3.46,+22.763, +7.593,+0.951
1671421800,+3.46,+22.763, +7.593,+0.951
1671422100,+3.46,+22.772, +7.590,+0.951
1671422400,+3.46,+22.755, +7.589,+0.951
1671422700,+3.46,+22.755, +7.594,+0.952
1671423000,+3.46,+22.763, +7.579,+0.951
1671423300,+3.46,+22.747, +7.597,+0.951
1671423600,+3.46,+22.755, +7.597,+0.951
1671423900,+3.46,+22.738, +7.555,+0.951
1671424200,+3.46,+22.730, +7.559,+0.952
1671424500,+3.46,+22.730, +7.566,+0.951
1671424800,+3.46,+22.722, +7.545,+0.952
1671425100,+3.46,+22.730, +7.552,+0.951
1671425400,+3.46,+22.696, +7.545,+0.952
1671425700,+3.46,+22.713, +7.525,+0.952
1671426000,+3.46,+22.722, +7.533,+0.952
1671426300,+3.46,+22.696, +7.542,+0.951
1671426600,+3.46,+22.705, +7.542,+0.951
1671426900,+3.46,+22.680, +7.555,+0.951
1671427200,+3.46,+22.663, +7.558,+0.951
1671427500,+3.46,+22.671, +7.556,+0.952
1671427800,+3.46,+22.671, +7.543,+0.951
1671428100,+3.46,+22.688, +7.544,+0.952
1671428400,+3.46,+22.655, +7.541,+0.951
1671428700,+3.46,+22.671, +7.527,+0.951
1671429000,+3.46,+22.680, +7.523,+0.951
1671429300,+3.46,+22.671, +7.531,+0.951
1671429600,+3.46,+22.680, +7.526,+0.951
1671429900,+3.46,+22.671, +7.536,+0.952
1671430200,+3.46,+22.663, +7.537,+0.951
1671430500,+3.46,+22.671, +7.530,+0.952
1671430800,+3.46,+22.638, +7.537,+0.952
1671431100,+3.46,+22.663, +7.528,+0.952
1671431400,+3.46,+22.638, +7.540,+0.952
1671431700,+3.46,+22.646, +7.522,+0.952
1671432000,+3.46,+22.646, +7.525,+0.952
1671432300,+3.46,+22.646, +7.518,+0.951
1671432600,+3.46,+22.655, +7.531,+0.952
1671432900,+3.46,+22.638, +7.527,+0.952
1671433200,+3.46,+22.613, +7.506,+0.952
1671433500,+3.46,+22.629, +7.499,+0.951
1671433800,+3.46,+22.604, +7.504,+0.951
1671434100,+3.46,+22.621, +7.495,+0.951
1671434400,+3.46,+22.629, +7.488,+0.952
1671434700,+3.46,+22.621, +7.492,+0.951
1671435000,+3.46,+22.621, +7.493,+0.952
1671435300,+3.46,+22.629, +7.488,+0.951
1671435600,+3.46,+22.621, +7.489,+0.951
1671435900,+3.46,+22.621, +7.489,+0.951
1671436200,+3.46,+22.613, +7.483,+0.952
1671436500,+3.46,+22.604, +7.477,+0.951
1671436800,+3.46,+22.596, +7.468,+0.952
1671437100,+3.46,+22.613, +7.473,+0.952
1671437400,+3.46,+22.604, +7.471,+0.952
1671437700,+3.46,+22.596, +7.466,+0.951
1671438000,+3.46,+22.604, +7.465,+0.951
1671438300,+3.46,+22.604, +7.471,+0.952
1671438600,+3.46,+22.596, +7.471,+0.952
1671438900,+3.46,+22.596, +7.465,+0.952
1671439200,+3.46,+22.604, +7.454,+0.951
1671439500,+3.46,+22.613, +7.459,+0.952
1671439800,+3.46,+22.613, +7.446,+0.951
1671440100,+3.46,+22.604, +7.452,+0.952
1671440400,+3.46,+22.596, +7.458,+0.951
1671440700,+3.46,+22.588, +7.457,+0.951
1671441000,+3.46,+22.588, +7.457,+0.951
1671441300,+3.46,+22.579, +7.454,+0.951
1671441600,+3.46,+22.596, +7.456,+0.952
1671441900,+3.46,+22.571, +7.457,+0.952
1671442200,+3.46,+22.588, +7.458,+0.952
1671442500,+3.46,+22.588, +7.453,+0.952
1671442800,+3.46,+22.596, +7.441,+0.951
1671443100,+3.46,+22.579, +7.460,+0.952
1671443400,+3.46,+22.579, +7.466,+0.951
1671443700,+3.46,+22.579, +7.471,+0.952
1671444000,+3.46,+22.588, +7.458,+0.951
1671444300,+3.46,+22.588, +7.461,+0.952
1671444600,+3.46,+22.571, +7.473,+0.952
1671444900,+3.46,+22.588, +7.469,+0.952
1671445200,+3.46,+22.588, +7.470,+0.951
1671445500,+3.46,+22.579, +7.474,+0.952
1671445800,+3.46,+22.537, +7.483,+0.951
1671446100,+3.46,+22.562, +7.476,+0.952
1671446400,+3.46,+22.571, +7.462,+0.951
1671446700,+3.46,+22.571, +7.474,+0.951
1671447000,+3.46,+22.571, +7.470,+0.951
1671447300,+3.46,+22.562, +7.468,+0.952
1671447600,+3.46,+22.562, +7.488,+0.951
1671447900,+3.46,+22.571, +7.481,+0.951
1671448200,+3.46,+22.571, +7.481,+0.951
1671448500,+3.46,+22.554, +7.485,+0.951
1671448800,+3.46,+22.562, +7.483,+0.951
1671449100,+3.46,+22.537, +7.485,+0.951
1671449400,+3.46,+22.554, +7.468,+0.952
1671449700,+3.46,+22.546, +7.485,+0.951
1671450000,+3.46,+22.554, +7.492,+0.951
1671450300,+3.46,+22.571, +7.491,+0.951
1671450600,+3.46,+22.579, +7.497,+0.952
1671450900,+3.46,+22.571, +7.496,+0.951
1671451200,+3.46,+22.554, +7.497,+0.952
1671451500,+3.46,+22.562, +7.510,+0.952
1671451800,+3.46,+22.579, +7.491,+0.951
1671452100,+3.46,+22.571, +7.497,+0.952
1671452400,+3.46,+22.579, +7.496,+0.951
1671452700,+3.46,+22.579, +7.497,+0.951
1671453000,+3.46,+22.579, +7.484,+0.951
1671453300,+3.46,+22.596, +7.509,+0.952
1671453600,+3.46,+22.571, +7.533,+0.952
1671453900,+3.46,+22.588, +7.526,+0.952
1671454200,+3.46,+22.596, +7.534,+0.952
1671454500,+3.46,+22.588, +7.527,+0.951
1671454800,+3.46,+22.571, +7.555,+0.952
1671455100,+3.46,+22.588, +7.553,+0.952
1671455400,+3.46,+22.588, +7.550,+0.951
1671455700,+3.46,+22.588, +7.548,+0.951
1671456000,+3.46,+22.604, +7.547,+0.951
1671456300,+3.46,+22.596, +7.566,+0.952
1671456600,+3.46,+22.604, +7.560,+0.952
1671456900,+3.46,+22.604, +7.567,+0.952
1671457200,+3.46,+22.629, +7.561,+0.951
