7450-041662
OS REV: 1.05 Sensor Cal: 1663258284
Time (sec),  BV (Volts),  T (deg C),  DO (mg/l),  Q ()
1677779820,+3.14,+25.999, +7.569,+0.955
1677780120,+3.14,+26.007, +7.557,+0.955
1677780420,+3.14,+26.016, +7.564,+0.954
1677780720,+3.14,+26.024, +7.562,+0.955
1677781020,+3.14,+26.033, +7.569,+0.955
1677781320,+3.14,+26.024, +7.585,+0.955
1677781620,+3.14,+26.033, +7.580,+0.955
1677781920,+3.14,+26.024, +7.588,+0.955
1677782220,+3.14,+26.033, +7.589,+0.955
1677782520,+3.14,+26.050, +7.593,+0.955
1677782820,+3.14,+26.058, +7.605,+0.956
1677783120,+3.14,+26.058, +7.591,+0.955
1677783420,+3.14,+26.075, +7.601,+0.955
1677783720,+3.14,+26.041, +7.592,+0.955
1677784020,+3.14,+26.033, +7.613,+0.955
1677784320,+3.14,+26.050, +7.611,+0.954
1677784620,+3.14,+26.117, +7.599,+0.956
1677784920,+3.14,+26.159, +7.587,+0.955
1677785220,+3.14,+26.126, +7.609,+0.955
1677785520,+3.14,+26.100, +7.621,+0.956
1677785820,+3.14,+26.066, +7.618,+0.955
1677786120,+3.14,+26.159, +7.580,+0.955
1677786420,+3.14,+26.100, +7.621,+0.955
1677786720,+3.14,+26.109, +7.602,+0.955
1677787020,+3.14,+26.033, +7.589,+0.955
1677787320,+3.14,+25.990, +7.572,+0.955
1677787620,+3.14,+25.923, +7.555,+0.955
1677787920,+3.14,+25.864, +7.544,+0.955
1677788220,+3.14,+25.838, +7.502,+0.955
1677788520,+3.14,+25.796, +7.535,+0.955
1677788820,+3.14,+25.720, +7.561,+0.955
1677789120,+3.14,+25.585, +7.597,+0.955
1677789420,+3.14,+25.535, +7.634,+0.955
1677789720,+3.14,+25.509, +7.661,+0.955
1677790020,+3.14,+25.560, +7.648,+0.956
1677790320,+3.14,+25.526, +7.642,+0.955
1677790620,+3.14,+25.501, +7.646,+0.955
1677790920,+3.14,+25.484, +7.674,+0.955
1677791220,+3.14,+25.467, +7.687,+0.956
1677791520,+3.14,+25.476, +7.675,+0.955
1677791820,+3.14,+25.501, +7.670,+0.955
1677792120,+3.14,+25.509, +7.675,+0.955
1677792420,+3.14,+25.509, +7.674,+0.955
1677792720,+3.14,+25.526, +7.680,+0.955
1677793020,+3.14,+25.552, +7.660,+0.955
1677793320,+3.14,+25.552, +7.657,+0.955
1677793620,+3.14,+25.594, +7.646,+0.955
1677793920,+3.14,+25.568, +7.656,+0.956
1677794220,+3.14,+25.577, +7.640,+0.955
1677794520,+3.14,+25.568, +7.629,+0.955
1677794820,+3.14,+25.568, +7.619,+0.955
1677795120,+3.14,+25.577, +7.614,+0.955
1677795420,+3.14,+25.577, +7.607,+0.955
1677795720,+3.14,+25.585, +7.593,+0.955
1677796020,+3.14,+25.602, +7.590,+0.955
1677796320,+3.14,+25.594, +7.602,+0.955
1677796620,+3.14,+25.577, +7.591,+0.955
1677796920,+3.14,+25.493, +7.576,+0.955
1677797220,+3.14,+25.476, +7.562,+0.955
1677797520,+3.14,+25.467, +7.550,+0.955
1677797820,+3.14,+25.459, +7.549,+0.955
1677798120,+3.14,+25.459, +7.548,+0.955
1677798420,+3.14,+25.450, +7.537,+0.955
1677798720,+3.14,+25.425, +7.536,+0.955
1677799020,+3.14,+25.383, +7.526,+0.955
1677799320,+3.14,+25.349, +7.542,+0.955
1677799620,+3.14,+25.273, +7.565,+0.955
1677799920,+3.14,+25.206, +7.587,+0.955
1677800220,+3.14,+25.189, +7.584,+0.955
1677800520,+3.14,+25.164, +7.560,+0.955
1677800820,+3.14,+25.156, +7.577,+0.955
1677801120,+3.14,+25.139, +7.558,+0.955
1677801420,+3.14,+25.105, +7.559,+0.955
1677801720,+3.14,+25.063, +7.595,+0.955
1677802020,+3.14,+25.046, +7.603,+0.956
1677802320,+3.14,+25.004, +7.595,+0.956
1677802620,+3.14,+24.987, +7.616,+0.956
1677802920,+3.14,+24.979, +7.601,+0.955
1677803220,+3.14,+24.962, +7.614,+0.955
1677803520,+3.14,+24.945, +7.601,+0.955
1677803820,+3.14,+24.962, +7.602,+0.955
1677804120,+3.14,+24.970, +7.588,+0.955
1677804420,+3.14,+24.928, +7.603,+0.955
1677804720,+3.14,+24.920, +7.595,+0.955
1677805020,+3.14,+24.903, +7.601,+0.955
1677805320,+3.14,+24.886, +7.622,+0.956
1677805620,+3.14,+24.895, +7.616,+0.955
1677805920,+3.14,+24.911, +7.598,+0.955
1677806220,+3.14,+24.878, +7.585,+0.956
1677806520,+3.14,+24.869, +7.573,+0.955
1677806820,+3.14,+24.853, +7.578,+0.956
1677807120,+3.14,+24.861, +7.552,+0.955
1677807420,+3.14,+24.844, +7.536,+0.955
1677807720,+3.14,+24.836, +7.570,+0.955
1677808020,+3.14,+24.827, +7.582,+0.955
1677808320,+3.14,+24.844, +7.555,+0.955
1677808620,+3.14,+24.827, +7.562,+0.955
1677808920,+3.14,+24.794, +7.564,+0.956
1677809220,+3.14,+24.777, +7.561,+0.955
1677809520,+3.14,+24.777, +7.581,+0.955
1677809820,+3.14,+24.768, +7.580,+0.955
1677810120,+3.14,+24.752, +7.583,+0.956
1677810420,+3.14,+24.718, +7.583,+0.955
1677810720,+3.14,+24.752, +7.563,+0.955
1677811020,+3.14,+24.726, +7.566,+0.955
1677811320,+3.14,+24.735, +7.584,+0.956
1677811620,+3.14,+24.726, +7.589,+0.955
1677811920,+3.14,+24.710, +7.572,+0.955
1677812220,+3.14,+24.701, +7.623,+0.955
1677812520,+3.14,+24.701, +7.666,+0.955
1677812820,+3.14,+24.693, +7.661,+0.955
1677813120,+3.14,+24.701, +7.652,+0.955
1677813420,+3.14,+24.693, +7.662,+0.956
1677813720,+3.14,+24.684, +7.664,+0.956
1677814020,+3.14,+24.684, +7.655,+0.955
1677814320,+3.14,+24.676, +7.656,+0.955
1677814620,+3.14,+24.676, +7.653,+0.956
1677814920,+3.14,+24.676, +7.634,+0.955
1677815220,+3.14,+24.676, +7.619,+0.955
1677815520,+3.14,+24.651, +7.619,+0.955
1677815820,+3.14,+24.676, +7.616,+0.956
1677816120,+3.14,+24.693, +7.617,+0.956
1677816420,+3.14,+24.676, +7.612,+0.956
1677816720,+3.14,+24.668, +7.612,+0.956
1677817020,+3.14,+24.668, +7.585,+0.956
1677817320,+3.14,+24.668, +7.580,+0.955
1677817620,+3.14,+24.659, +7.561,+0.955
1677817920,+3.14,+24.659, +7.598,+0.955
1677818220,+3.14,+24.651, +7.613,+0.955
1677818520,+3.14,+24.651, +7.613,+0.955
1677818820,+3.14,+24.651, +7.603,+0.955
1677819120,+3.14,+24.651, +7.626,+0.956
1677819420,+3.14,+24.651, +7.607,+0.955
1677819720,+3.14,+24.659, +7.599,+0.955
1677820020,+3.14,+24.651, +7.592,+0.955
1677820320,+3.14,+24.659, +7.596,+0.956
1677820620,+3.14,+24.651, +7.589,+0.955
1677820920,+3.14,+24.659, +7.564,+0.955
1677821220,+3.14,+24.659, +7.569,+0.955
1677821520,+3.14,+24.659, +7.550,+0.955
1677821820,+3.14,+24.626, +7.559,+0.955
1677822120,+3.14,+24.651, +7.553,+0.955
1677822420,+3.14,+24.659, +7.546,+0.956
1677822720,+3.14,+24.642, +7.502,+0.955
1677823020,+3.14,+24.659, +7.536,+0.955
1677823320,+3.14,+24.651, +7.562,+0.956
1677823620,+3.14,+24.642, +7.569,+0.955
1677823920,+3.14,+24.642, +7.564,+0.955
1677824220,+3.14,+24.642, +7.545,+0.955
1677824520,+3.14,+24.617, +7.513,+0.955
1677824820,+3.14,+24.609, +7.492,+0.955
1677825120,+3.14,+24.626, +7.496,+0.955
1677825420,+3.14,+24.626, +7.495,+0.956
1677825720,+3.14,+24.626, +7.483,+0.955
1677826020,+3.14,+24.600, +7.481,+0.955
1677826320,+3.14,+24.634, +7.451,+0.955
1677826620,+3.14,+24.626, +7.470,+0.956
1677826920,+3.14,+24.642, +7.524,+0.955
1677827220,+3.14,+24.642, +7.511,+0.955
1677827520,+3.14,+24.634, +7.533,+0.955
1677827820,+3.14,+24.651, +7.530,+0.955
1677828120,+3.14,+24.642, +7.528,+0.955
1677828420,+3.14,+24.634, +7.514,+0.955
1677828720,+3.14,+24.642, +7.497,+0.955
1677829020,+3.14,+24.634, +7.490,+0.955
1677829320,+3.14,+24.651, +7.487,+0.955
1677829620,+3.14,+24.626, +7.494,+0.956
1677829920,+3.14,+24.634, +7.416,+0.955
1677830220,+3.14,+24.626, +7.427,+0.955
1677830520,+3.14,+24.617, +7.457,+0.955
1677830820,+3.14,+24.600, +7.469,+0.955
1677831120,+3.14,+24.617, +7.456,+0.955
1677831420,+3.14,+24.609, +7.450,+0.956
1677831720,+3.14,+24.600, +7.429,+0.955
1677832020,+3.14,+24.609, +7.429,+0.955
1677832320,+3.14,+24.575, +7.447,+0.956
1677832620,+3.14,+24.583, +7.472,+0.956
1677832920,+3.14,+24.575, +7.460,+0.956
1677833220,+3.14,+24.575, +7.440,+0.955
1677833520,+3.14,+24.592, +7.423,+0.955
1677833820,+3.14,+24.575, +7.451,+0.955
1677834120,+3.14,+24.575, +7.432,+0.955
1677834420,+3.14,+24.583, +7.426,+0.955
1677834720,+3.14,+24.592, +7.410,+0.956
1677835020,+3.14,+24.600, +7.420,+0.956
1677835320,+3.14,+24.567, +7.427,+0.955
1677835620,+3.14,+24.592, +7.432,+0.955
1677835920,+3.14,+24.575, +7.436,+0.955
1677836220,+3.14,+24.583, +7.443,+0.956
1677836520,+3.14,+24.575, +7.443,+0.955
1677836820,+3.14,+24.592, +7.418,+0.956
1677837120,+3.14,+24.567, +7.416,+0.955
1677837420,+3.14,+24.583, +7.423,+0.955
1677837720,+3.14,+24.575, +7.421,+0.955
1677838020,+3.14,+24.575, +7.414,+0.956
1677838320,+3.14,+24.575, +7.421,+0.955
1677838620,+3.14,+24.575, +7.412,+0.955
1677838920,+3.14,+24.592, +7.467,+0.955
1677839220,+3.14,+24.575, +7.470,+0.956
1677839520,+3.14,+24.567, +7.466,+0.955
1677839820,+3.14,+24.575, +7.470,+0.956
1677840120,+3.14,+24.583, +7.469,+0.955
1677840420,+3.14,+24.567, +7.490,+0.956
1677840720,+3.14,+24.558, +7.492,+0.955
1677841020,+3.14,+24.575, +7.490,+0.955
1677841320,+3.14,+24.583, +7.494,+0.955
1677841620,+3.14,+24.575, +7.501,+0.955
1677841920,+3.14,+24.583, +7.522,+0.955
1677842220,+3.14,+24.592, +7.517,+0.955
1677842520,+3.14,+24.592, +7.532,+0.956
1677842820,+3.14,+24.617, +7.528,+0.955
1677843120,+3.14,+24.600, +7.546,+0.955
1677843420,+3.14,+24.592, +7.554,+0.955
1677843720,+3.14,+24.600, +7.570,+0.955
1677844020,+3.14,+24.592, +7.579,+0.955
1677844320,+3.14,+24.617, +7.592,+0.956
1677844620,+3.14,+24.642, +7.581,+0.955
1677844920,+3.14,+24.626, +7.594,+0.955
1677845220,+3.14,+24.617, +7.604,+0.955
1677845520,+3.14,+24.642, +7.603,+0.955
1677845820,+3.14,+24.659, +7.610,+0.955
1677846120,+3.14,+24.668, +7.613,+0.955
1677846420,+3.14,+24.693, +7.626,+0.955
1677846720,+3.14,+24.701, +7.633,+0.956
1677847020,+3.14,+24.718, +7.635,+0.955
1677847320,+3.14,+24.735, +7.647,+0.956
1677847620,+3.14,+24.752, +7.649,+0.956
1677847920,+3.14,+24.760, +7.647,+0.955
1677848220,+3.14,+24.819, +7.654,+0.955
1677848520,+3.14,+24.802, +7.674,+0.956
1677848820,+3.14,+24.827, +7.675,+0.956
1677849120,+3.14,+24.861, +7.680,+0.955
1677849420,+3.14,+24.878, +7.677,+0.955
1677849720,+3.14,+24.895, +7.677,+0.955
1677850020,+3.14,+24.937, +7.679,+0.955
1677850320,+3.14,+24.937, +7.696,+0.955
1677850620,+3.14,+24.937, +7.698,+0.955
1677850920,+3.14,+24.954, +7.713,+0.955
1677851220,+3.14,+24.979, +7.717,+0.955
1677851520,+3.14,+24.979, +7.727,+0.955
1677851820,+3.14,+24.979, +7.740,+0.955
1677852120,+3.14,+24.996, +7.748,+0.955
1677852420,+3.14,+25.004, +7.747,+0.955
1677852720,+3.14,+25.012, +7.742,+0.955
1677853020,+3.14,+25.029, +7.750,+0.955
1677853320,+3.14,+25.055, +7.759,+0.955
1677853620,+3.14,+25.097, +7.757,+0.955
1677853920,+3.14,+25.097, +7.770,+0.955
1677854220,+3.14,+25.113, +7.780,+0.956
1677854520,+3.14,+25.122, +7.778,+0.955
1677854820,+3.14,+25.122, +7.784,+0.955
1677855120,+3.14,+25.122, +7.788,+0.955
1677855420,+3.14,+25.139, +7.795,+0.955
1677855720,+3.14,+25.156, +7.795,+0.955
1677856020,+3.14,+25.181, +7.796,+0.955
1677856320,+3.14,+25.172, +7.802,+0.955
1677856620,+3.14,+25.181, +7.808,+0.955
1677856920,+3.14,+25.189, +7.816,+0.955
1677857220,+3.14,+25.189, +7.828,+0.955
1677857520,+3.14,+25.181, +7.837,+0.955
1677857820,+3.14,+25.206, +7.839,+0.955
1677858120,+3.14,+25.231, +7.845,+0.955
1677858420,+3.14,+25.248, +7.865,+0.955
1677858720,+3.14,+25.248, +7.876,+0.955
1677859020,+3.14,+25.273, +7.880,+0.955
1677859320,+3.14,+25.273, +7.888,+0.955
1677859620,+3.14,+25.265, +7.900,+0.955
1677859920,+3.14,+25.290, +7.901,+0.955
1677860220,+3.14,+25.299, +7.903,+0.955
1677860520,+3.14,+25.290, +7.903,+0.955
1677860820,+3.14,+25.316, +7.916,+0.955
1677861120,+3.14,+25.349, +7.908,+0.955
1677861420,+3.14,+25.366, +7.910,+0.955
1677861720,+3.14,+25.375, +7.921,+0.956
1677862020,+3.14,+25.391, +7.919,+0.956
1677862320,+3.14,+25.383, +7.916,+0.955
1677862620,+3.14,+25.383, +7.922,+0.956
1677862920,+3.14,+25.400, +7.899,+0.955
1677863220,+3.14,+25.417, +7.911,+0.956
1677863520,+3.14,+25.434, +7.895,+0.955
1677863820,+3.14,+25.417, +7.907,+0.955
1677864120,+3.14,+25.391, +7.907,+0.955
1677864420,+3.14,+25.391, +7.912,+0.955
1677864720,+3.14,+25.383, +7.908,+0.955
1677865020,+3.14,+25.375, +7.908,+0.955
1677865320,+3.14,+25.366, +7.919,+0.956
1677865620,+3.14,+25.341, +7.917,+0.956
1677865920,+3.14,+25.358, +7.921,+0.955
1677866220,+3.14,+25.341, +7.924,+0.955
