7450-041662
OS REV: 1.05 Sensor Cal: 1663258284
Time (sec),  BV (Volts),  T (deg C),  DO (mg/l),  Q ()
1681050060,+3.11,+23.149, +7.390,+0.954
1681050360,+3.11,+23.165, +7.483,+0.954
1681050660,+3.11,+23.149, +7.091,+0.955
1681050960,+3.11,+23.199, +6.992,+0.956
1681051260,+3.11,+23.199, +6.716,+0.956
1681051560,+3.11,+23.207, +6.806,+0.956
1681051860,+3.12,+23.232, +6.984,+0.955
1681052160,+3.12,+23.224, +7.058,+0.955
1681052460,+3.11,+23.216, +6.926,+0.955
1681052760,+3.11,+23.207, +7.223,+0.955
1681053060,+3.11,+23.216, +7.420,+0.954
1681053360,+3.12,+23.224, +7.540,+0.954
1681053660,+3.12,+23.249, +7.449,+0.955
1681053960,+3.12,+23.249, +7.357,+0.955
1681054260,+3.12,+23.274, +7.478,+0.954
1681054560,+3.12,+23.300, +6.992,+0.956
1681054860,+3.12,+23.308, +7.188,+0.956
1681055160,+3.12,+23.308, +7.292,+0.955
1681055460,+3.12,+23.274, +7.141,+0.955
1681055760,+3.12,+23.274, +7.256,+0.956
1681056060,+3.11,+23.232, +7.186,+0.955
1681056360,+3.12,+23.224, +6.793,+0.956
1681056660,+3.12,+23.241, +6.798,+0.956
1681056960,+3.12,+23.249, +6.870,+0.957
1681057260,+3.12,+23.232, +6.888,+0.956
1681057560,+3.11,+23.224, +6.995,+0.955
1681057860,+3.11,+23.207, +6.846,+0.956
1681058160,+3.11,+23.199, +6.504,+0.956
1681058460,+3.11,+23.199, +6.394,+0.957
1681058760,+3.11,+23.174, +6.305,+0.958
1681059060,+3.11,+23.174, +6.409,+0.957
1681059360,+3.11,+23.182, +6.723,+0.957
1681059660,+3.11,+23.207, +7.103,+0.956
1681059960,+3.11,+23.216, +7.301,+0.956
1681060260,+3.12,+23.241, +7.418,+0.956
1681060560,+3.12,+23.258, +7.570,+0.955
1681060860,+3.11,+23.241, +7.931,+0.955
1681061160,+3.12,+23.283, +8.242,+0.954
1681061460,+3.12,+23.300, +8.121,+0.955
1681061760,+3.12,+23.300, +8.113,+0.954
1681062060,+3.12,+23.283, +7.943,+0.955
1681062360,+3.12,+23.291, +7.747,+0.955
1681062660,+3.12,+23.300, +7.956,+0.955
1681062960,+3.12,+23.308, +7.903,+0.955
1681063260,+3.12,+23.333, +7.723,+0.955
1681063560,+3.12,+23.341, +8.040,+0.954
1681063860,+3.12,+23.375, +8.126,+0.954
1681064160,+3.12,+23.375, +8.409,+0.954
1681064460,+3.12,+23.392, +8.280,+0.954
1681064760,+3.12,+23.408, +7.987,+0.955
1681065060,+3.12,+23.400, +6.963,+0.957
1681065360,+3.12,+23.392, +7.090,+0.956
1681065660,+3.12,+23.400, +7.284,+0.956
1681065960,+3.12,+23.400, +7.204,+0.956
1681066260,+3.12,+23.392, +7.463,+0.956
1681066560,+3.12,+23.383, +7.630,+0.956
1681066860,+3.12,+23.367, +7.627,+0.955
1681067160,+3.12,+23.341, +7.462,+0.956
1681067460,+3.12,+23.308, +7.336,+0.956
1681067760,+3.12,+23.316, +7.244,+0.957
1681068060,+3.12,+23.291, +7.102,+0.956
1681068360,+3.12,+23.283, +7.149,+0.957
1681068660,+3.12,+23.291, +7.035,+0.956
1681068960,+3.12,+23.291, +6.962,+0.957
1681069260,+3.12,+23.291, +6.874,+0.957
1681069560,+3.12,+23.291, +6.816,+0.957
1681069860,+3.12,+23.300, +6.711,+0.957
1681070160,+3.12,+23.300, +6.765,+0.957
1681070460,+3.12,+23.283, +6.622,+0.957
1681070760,+3.12,+23.274, +6.462,+0.958
1681071060,+3.11,+23.274, +6.512,+0.957
1681071360,+3.11,+23.258, +6.554,+0.957
1681071660,+3.11,+23.258, +6.420,+0.957
1681071960,+3.11,+23.258, +6.377,+0.957
1681072260,+3.12,+23.249, +6.312,+0.958
1681072560,+3.12,+23.258, +6.217,+0.958
1681072860,+3.11,+23.224, +6.038,+0.958
1681073160,+3.11,+23.216, +5.910,+0.957
1681073460,+3.11,+23.199, +5.893,+0.958
1681073760,+3.11,+23.174, +5.861,+0.958
1681074060,+3.11,+23.157, +5.818,+0.957
1681074360,+3.11,+23.182, +5.779,+0.958
1681074660,+3.11,+23.165, +5.770,+0.958
1681074960,+3.11,+23.157, +5.758,+0.958
1681075260,+3.11,+23.157, +5.742,+0.958
1681075560,+3.11,+23.157, +5.733,+0.958
1681075860,+3.11,+23.157, +5.706,+0.957
1681076160,+3.11,+23.149, +5.696,+0.958
1681076460,+3.11,+23.149, +5.697,+0.958
1681076760,+3.11,+23.132, +5.703,+0.957
1681077060,+3.11,+23.140, +5.700,+0.958
1681077360,+3.11,+23.107, +5.696,+0.958
1681077660,+3.11,+23.107, +5.732,+0.958
1681077960,+3.11,+23.115, +5.701,+0.957
1681078260,+3.11,+23.140, +5.661,+0.957
1681078560,+3.11,+23.124, +5.677,+0.958
1681078860,+3.11,+23.124, +5.698,+0.958
1681079160,+3.11,+23.098, +5.688,+0.957
1681079460,+3.11,+23.115, +5.707,+0.957
1681079760,+3.11,+23.107, +5.703,+0.957
1681080060,+3.11,+23.073, +5.712,+0.958
1681080360,+3.11,+23.090, +5.700,+0.958
1681080660,+3.11,+23.098, +5.677,+0.958
1681080960,+3.11,+23.098, +5.677,+0.958
1681081260,+3.11,+23.082, +5.674,+0.958
1681081560,+3.11,+23.090, +5.671,+0.958
1681081860,+3.11,+23.073, +5.682,+0.958
1681082160,+3.11,+23.082, +5.659,+0.957
1681082460,+3.11,+23.073, +5.657,+0.957
1681082760,+3.11,+23.065, +5.688,+0.957
1681083060,+3.11,+23.065, +5.706,+0.958
1681083360,+3.11,+23.057, +5.690,+0.958
1681083660,+3.11,+23.040, +5.680,+0.957
1681083960,+3.11,+23.031, +5.653,+0.957
1681084260,+3.11,+23.031, +5.621,+0.957
1681084560,+3.11,+23.040, +5.584,+0.958
1681084860,+3.11,+23.048, +5.559,+0.958
1681085160,+3.11,+23.048, +5.480,+0.957
1681085460,+3.11,+23.048, +5.473,+0.958
1681085760,+3.11,+23.048, +5.453,+0.957
1681086060,+3.11,+23.015, +5.461,+0.957
1681086360,+3.11,+23.031, +5.541,+0.958
1681086660,+3.11,+23.031, +5.560,+0.957
1681086960,+3.11,+23.015, +5.565,+0.958
1681087260,+3.11,+23.023, +5.570,+0.958
1681087560,+3.11,+23.006, +5.615,+0.958
1681087860,+3.11,+23.015, +5.605,+0.957
1681088160,+3.11,+22.998, +5.639,+0.958
1681088460,+3.11,+22.998, +5.660,+0.958
1681088760,+3.11,+22.990, +5.659,+0.957
1681089060,+3.11,+22.990, +5.612,+0.958
1681089360,+3.11,+22.990, +5.611,+0.958
1681089660,+3.11,+22.998, +5.603,+0.957
1681089960,+3.11,+22.990, +5.575,+0.958
1681090260,+3.11,+22.973, +5.628,+0.958
1681090560,+3.11,+22.990, +5.625,+0.958
1681090860,+3.11,+22.990, +5.586,+0.958
1681091160,+3.11,+22.973, +5.605,+0.958
1681091460,+3.11,+22.964, +5.574,+0.958
1681091760,+3.11,+22.956, +5.564,+0.957
1681092060,+3.11,+22.981, +5.529,+0.957
1681092360,+3.11,+22.956, +5.486,+0.957
1681092660,+3.11,+22.956, +5.470,+0.957
1681092960,+3.11,+22.939, +5.492,+0.957
1681093260,+3.11,+22.956, +5.500,+0.957
1681093560,+3.11,+22.956, +5.437,+0.957
1681093860,+3.11,+22.939, +5.439,+0.958
1681094160,+3.11,+22.948, +5.503,+0.958
1681094460,+3.11,+22.939, +5.553,+0.958
1681094760,+3.11,+22.964, +5.487,+0.958
1681095060,+3.11,+22.956, +5.499,+0.957
1681095360,+3.11,+22.931, +5.436,+0.958
1681095660,+3.11,+22.931, +5.385,+0.957
1681095960,+3.11,+22.948, +5.377,+0.957
1681096260,+3.11,+22.931, +5.323,+0.957
1681096560,+3.11,+22.922, +5.324,+0.957
1681096860,+3.11,+22.939, +5.292,+0.957
1681097160,+3.11,+22.939, +5.245,+0.957
1681097460,+3.11,+22.948, +5.182,+0.957
1681097760,+3.11,+22.922, +5.113,+0.957
1681098060,+3.11,+22.931, +5.023,+0.956
1681098360,+3.11,+22.931, +5.009,+0.957
1681098660,+3.11,+22.922, +5.043,+0.957
1681098960,+3.11,+22.931, +4.993,+0.957
1681099260,+3.11,+22.931, +4.951,+0.957
1681099560,+3.11,+22.914, +4.920,+0.956
1681099860,+3.11,+22.931, +4.803,+0.956
1681100160,+3.11,+22.922, +4.954,+0.957
1681100460,+3.11,+22.914, +5.140,+0.957
1681100760,+3.11,+22.906, +5.164,+0.957
1681101060,+3.11,+22.914, +5.344,+0.958
1681101360,+3.11,+22.881, +5.510,+0.958
1681101660,+3.11,+22.889, +5.556,+0.958
1681101960,+3.11,+22.922, +5.498,+0.958
1681102260,+3.11,+22.914, +5.479,+0.958
1681102560,+3.11,+22.906, +5.451,+0.958
1681102860,+3.11,+22.897, +5.410,+0.958
1681103160,+3.11,+22.906, +5.414,+0.958
1681103460,+3.11,+22.889, +5.434,+0.958
1681103760,+3.11,+22.922, +5.320,+0.957
1681104060,+3.11,+22.897, +5.321,+0.958
1681104360,+3.11,+22.897, +5.215,+0.958
1681104660,+3.11,+22.889, +5.217,+0.957
1681104960,+3.11,+22.914, +5.272,+0.958
1681105260,+3.11,+22.872, +5.299,+0.957
1681105560,+3.11,+22.889, +5.466,+0.957
1681105860,+3.11,+22.881, +5.553,+0.958
1681106160,+3.11,+22.872, +5.527,+0.958
1681106460,+3.11,+22.864, +5.530,+0.958
1681106760,+3.11,+22.881, +5.462,+0.958
1681107060,+3.11,+22.889, +5.451,+0.958
1681107360,+3.11,+22.872, +5.529,+0.958
1681107660,+3.11,+22.881, +5.540,+0.958
1681107960,+3.11,+22.881, +5.517,+0.958
1681108260,+3.11,+22.847, +5.517,+0.958
1681108560,+3.11,+22.872, +5.479,+0.958
1681108860,+3.11,+22.889, +5.406,+0.958
1681109160,+3.11,+22.881, +5.444,+0.958
1681109460,+3.11,+22.881, +5.446,+0.958
1681109760,+3.11,+22.864, +5.433,+0.958
1681110060,+3.11,+22.872, +5.435,+0.958
1681110360,+3.11,+22.864, +5.463,+0.958
1681110660,+3.11,+22.872, +5.472,+0.957
1681110960,+3.11,+22.872, +5.462,+0.958
1681111260,+3.11,+22.872, +5.457,+0.958
1681111560,+3.11,+22.872, +5.454,+0.957
1681111860,+3.11,+22.864, +5.424,+0.958
1681112160,+3.11,+22.864, +5.413,+0.958
1681112460,+3.11,+22.847, +5.440,+0.958
1681112760,+3.11,+22.872, +5.494,+0.958
1681113060,+3.11,+22.872, +5.481,+0.958
1681113360,+3.11,+22.855, +5.492,+0.958
1681113660,+3.11,+22.864, +5.469,+0.958
1681113960,+3.11,+22.855, +5.466,+0.958
1681114260,+3.11,+22.847, +5.382,+0.958
1681114560,+3.11,+22.830, +5.360,+0.958
1681114860,+3.11,+22.847, +5.317,+0.958
1681115160,+3.11,+22.847, +5.132,+0.957
1681115460,+3.11,+22.847, +5.076,+0.958
1681115760,+3.11,+22.830, +4.970,+0.957
1681116060,+3.11,+22.830, +4.837,+0.957
1681116360,+3.11,+22.839, +4.676,+0.957
1681116660,+3.11,+22.839, +4.549,+0.957
1681116960,+3.11,+22.839, +4.450,+0.956
1681117260,+3.11,+22.839, +4.406,+0.956
1681117560,+3.11,+22.855, +4.436,+0.957
1681117860,+3.11,+22.839, +4.508,+0.956
1681118160,+3.11,+22.830, +4.571,+0.956
1681118460,+3.11,+22.830, +4.626,+0.956
1681118760,+3.11,+22.830, +4.817,+0.957
1681119060,+3.11,+22.839, +5.137,+0.957
1681119360,+3.11,+22.822, +5.360,+0.957
1681119660,+3.11,+22.830, +5.435,+0.958
1681119960,+3.11,+22.822, +5.540,+0.958
1681120260,+3.11,+22.839, +5.617,+0.958
1681120560,+3.11,+22.822, +5.704,+0.958
1681120860,+3.11,+22.822, +5.620,+0.958
1681121160,+3.11,+22.822, +5.561,+0.958
1681121460,+3.11,+22.805, +5.606,+0.958
1681121760,+3.11,+22.830, +5.600,+0.957
1681122060,+3.11,+22.822, +5.596,+0.958
1681122360,+3.11,+22.805, +5.607,+0.958
1681122660,+3.11,+22.814, +5.606,+0.958
1681122960,+3.11,+22.830, +5.642,+0.958
1681123260,+3.11,+22.830, +5.658,+0.957
1681123560,+3.11,+22.822, +5.626,+0.957
1681123860,+3.11,+22.814, +5.750,+0.958
1681124160,+3.11,+22.822, +5.933,+0.958
1681124460,+3.11,+22.830, +6.398,+0.957
1681124760,+3.11,+22.830, +7.094,+0.956
1681125060,+3.11,+22.906, +7.601,+0.954
1681125360,+3.11,+22.897, +7.728,+0.953
1681125660,+3.11,+22.864, +7.593,+0.953
1681125960,+3.11,+22.881, +7.800,+0.954
1681126260,+3.11,+22.864, +8.005,+0.953
1681126560,+3.11,+22.864, +8.026,+0.954
1681126860,+3.11,+22.872, +7.445,+0.954
1681127160,+3.11,+22.839, +6.652,+0.956
1681127460,+3.11,+22.839, +6.315,+0.956
1681127760,+3.11,+22.847, +6.254,+0.957
1681128060,+3.11,+22.822, +6.377,+0.956
1681128360,+3.11,+22.839, +6.433,+0.956
1681128660,+3.11,+22.839, +6.420,+0.956
1681128960,+3.11,+22.847, +6.472,+0.956
1681129260,+3.11,+22.864, +6.556,+0.956
1681129560,+3.11,+22.839, +6.432,+0.956
1681129860,+3.11,+22.830, +6.404,+0.957
1681130160,+3.11,+22.839, +6.542,+0.956
1681130460,+3.11,+22.864, +6.354,+0.956
1681130760,+3.11,+22.830, +6.259,+0.957
1681131060,+3.11,+22.839, +6.310,+0.956
1681131360,+3.11,+22.830, +6.400,+0.956
1681131660,+3.11,+22.839, +6.530,+0.956
1681131960,+3.11,+22.864, +6.658,+0.956
1681132260,+3.11,+22.830, +6.784,+0.956
1681132560,+3.11,+22.864, +6.990,+0.955
1681132860,+3.11,+22.855, +7.070,+0.955
1681133160,+3.11,+22.847, +7.099,+0.955
1681133460,+3.11,+22.872, +7.372,+0.954
1681133760,+3.11,+22.889, +7.460,+0.954
1681134060,+3.11,+22.906, +7.355,+0.954
1681134360,+3.11,+22.881, +7.471,+0.954
1681134660,+3.11,+22.897, +7.914,+0.953
1681134960,+3.11,+22.914, +8.493,+0.953
1681135260,+3.11,+22.939, +9.197,+0.952
1681135560,+3.11,+22.964, +9.896,+0.951
1681135860,+3.11,+22.973, +9.769,+0.951
1681136160,+3.11,+22.990,+10.210,+0.952
1681136460,+3.11,+22.998,+10.169,+0.953
