7450-041662
OS REV: 1.05 Sensor Cal: 1663258284
Time (sec),  BV (Volts),  T (deg C),  DO (mg/l),  Q ()
1677346320,+3.15,+24.802, +7.208,+0.956
1677346620,+3.15,+24.819, +7.206,+0.956
1677346920,+3.15,+24.844, +7.208,+0.955
1677347220,+3.15,+24.911, +7.230,+0.956
1677347520,+3.14,+25.021, +7.229,+0.956
1677347820,+3.14,+25.021, +7.233,+0.956
1677348120,+3.15,+24.962, +7.228,+0.956
1677348420,+3.15,+24.945, +7.212,+0.956
1677348720,+3.15,+24.903, +7.230,+0.956
1677349020,+3.15,+24.911, +7.238,+0.956
1677349320,+3.15,+24.895, +7.248,+0.956
1677349620,+3.15,+24.911, +7.249,+0.956
1677349920,+3.14,+24.928, +7.266,+0.956
1677350220,+3.15,+24.945, +7.252,+0.955
1677350520,+3.15,+24.945, +7.273,+0.956
1677350820,+3.14,+24.970, +7.275,+0.956
1677351120,+3.14,+24.954, +7.277,+0.956
1677351420,+3.14,+24.970, +7.294,+0.956
1677351720,+3.14,+24.996, +7.293,+0.956
1677352020,+3.14,+25.004, +7.289,+0.956
1677352320,+3.14,+24.996, +7.309,+0.956
1677352620,+3.14,+25.021, +7.310,+0.956
1677352920,+3.14,+25.004, +7.321,+0.956
1677353220,+3.14,+24.954, +7.348,+0.956
1677353520,+3.14,+24.996, +7.338,+0.956
1677353820,+3.14,+24.979, +7.353,+0.956
1677354120,+3.14,+24.996, +7.336,+0.956
1677354420,+3.14,+24.962, +7.355,+0.956
1677354720,+3.14,+24.987, +7.349,+0.956
1677355020,+3.14,+24.996, +7.345,+0.956
1677355320,+3.14,+25.021, +7.343,+0.955
1677355620,+3.14,+24.996, +7.364,+0.956
1677355920,+3.14,+24.996, +7.347,+0.956
1677356220,+3.14,+24.979, +7.370,+0.956
1677356520,+3.14,+24.979, +7.380,+0.955
1677356820,+3.14,+24.987, +7.394,+0.956
1677357120,+3.14,+24.979, +7.398,+0.956
1677357420,+3.14,+24.970, +7.407,+0.956
1677357720,+3.14,+24.954, +7.402,+0.956
1677358020,+3.14,+24.962, +7.408,+0.956
1677358320,+3.14,+24.945, +7.412,+0.956
1677358620,+3.14,+24.954, +7.413,+0.956
1677358920,+3.14,+24.945, +7.400,+0.955
1677359220,+3.14,+24.928, +7.414,+0.956
1677359520,+3.14,+24.920, +7.399,+0.955
1677359820,+3.14,+24.903, +7.401,+0.956
1677360120,+3.14,+24.886, +7.401,+0.956
1677360420,+3.14,+24.886, +7.401,+0.956
1677360720,+3.14,+24.886, +7.398,+0.956
1677361020,+3.15,+24.869, +7.396,+0.956
1677361320,+3.14,+24.853, +7.382,+0.955
1677361620,+3.15,+24.869, +7.394,+0.956
1677361920,+3.15,+24.853, +7.381,+0.956
1677362220,+3.15,+24.861, +7.385,+0.956
1677362520,+3.14,+24.853, +7.392,+0.956
1677362820,+3.15,+24.844, +7.390,+0.956
1677363120,+3.15,+24.853, +7.389,+0.956
1677363420,+3.14,+24.836, +7.397,+0.956
1677363720,+3.15,+24.836, +7.397,+0.956
1677364020,+3.15,+24.827, +7.394,+0.956
1677364320,+3.15,+24.836, +7.382,+0.956
1677364620,+3.15,+24.827, +7.373,+0.956
1677364920,+3.15,+24.827, +7.381,+0.955
1677365220,+3.15,+24.819, +7.406,+0.956
1677365520,+3.15,+24.811, +7.404,+0.956
1677365820,+3.15,+24.827, +7.401,+0.956
1677366120,+3.15,+24.819, +7.394,+0.956
1677366420,+3.14,+24.819, +7.382,+0.955
1677366720,+3.14,+24.819, +7.370,+0.956
1677367020,+3.15,+24.819, +7.369,+0.955
1677367320,+3.15,+24.802, +7.375,+0.956
1677367620,+3.15,+24.802, +7.374,+0.956
1677367920,+3.15,+24.802, +7.379,+0.956
1677368220,+3.15,+24.794, +7.394,+0.956
1677368520,+3.15,+24.785, +7.402,+0.956
1677368820,+3.15,+24.794, +7.393,+0.956
1677369120,+3.15,+24.768, +7.396,+0.956
1677369420,+3.15,+24.794, +7.377,+0.956
1677369720,+3.15,+24.768, +7.393,+0.955
1677370020,+3.15,+24.768, +7.397,+0.956
1677370320,+3.15,+24.760, +7.406,+0.956
1677370620,+3.15,+24.752, +7.398,+0.956
1677370920,+3.15,+24.743, +7.397,+0.955
1677371220,+3.15,+24.743, +7.385,+0.956
1677371520,+3.15,+24.743, +7.396,+0.956
1677371820,+3.15,+24.735, +7.387,+0.956
1677372120,+3.15,+24.743, +7.387,+0.956
1677372420,+3.15,+24.735, +7.387,+0.956
1677372720,+3.15,+24.718, +7.387,+0.956
1677373020,+3.15,+24.718, +7.390,+0.956
1677373320,+3.15,+24.743, +7.377,+0.956
1677373620,+3.15,+24.693, +7.384,+0.956
1677373920,+3.15,+24.701, +7.368,+0.955
1677374220,+3.15,+24.684, +7.358,+0.955
1677374520,+3.15,+24.693, +7.359,+0.956
1677374820,+3.15,+24.684, +7.350,+0.956
1677375120,+3.15,+24.668, +7.361,+0.956
1677375420,+3.15,+24.684, +7.348,+0.956
1677375720,+3.15,+24.676, +7.351,+0.956
1677376020,+3.15,+24.676, +7.340,+0.956
1677376320,+3.15,+24.668, +7.345,+0.956
1677376620,+3.15,+24.668, +7.320,+0.956
1677376920,+3.15,+24.668, +7.336,+0.957
1677377220,+3.15,+24.668, +7.332,+0.956
1677377520,+3.15,+24.659, +7.328,+0.956
1677377820,+3.15,+24.668, +7.329,+0.956
1677378120,+3.15,+24.651, +7.328,+0.956
1677378420,+3.15,+24.642, +7.325,+0.956
1677378720,+3.15,+24.642, +7.314,+0.955
1677379020,+3.15,+24.634, +7.297,+0.956
1677379320,+3.15,+24.609, +7.289,+0.956
1677379620,+3.15,+24.634, +7.267,+0.956
1677379920,+3.15,+24.626, +7.247,+0.955
1677380220,+3.15,+24.626, +7.273,+0.956
1677380520,+3.15,+24.626, +7.257,+0.956
1677380820,+3.15,+24.634, +7.238,+0.956
1677381120,+3.15,+24.626, +7.243,+0.956
1677381420,+3.15,+24.609, +7.258,+0.956
1677381720,+3.15,+24.592, +7.250,+0.956
1677382020,+3.15,+24.609, +7.253,+0.956
1677382320,+3.15,+24.592, +7.247,+0.956
1677382620,+3.15,+24.592, +7.238,+0.956
1677382920,+3.15,+24.592, +7.228,+0.956
1677383220,+3.15,+24.583, +7.199,+0.956
1677383520,+3.15,+24.600, +7.188,+0.956
1677383820,+3.15,+24.575, +7.205,+0.956
1677384120,+3.15,+24.583, +7.185,+0.956
1677384420,+3.15,+24.583, +7.182,+0.956
1677384720,+3.15,+24.575, +7.152,+0.955
1677385020,+3.15,+24.567, +7.160,+0.956
1677385320,+3.15,+24.558, +7.157,+0.956
1677385620,+3.15,+24.575, +7.106,+0.956
1677385920,+3.15,+24.567, +7.078,+0.956
1677386220,+3.15,+24.541, +7.129,+0.956
1677386520,+3.15,+24.541, +7.173,+0.956
1677386820,+3.15,+24.533, +7.142,+0.956
1677387120,+3.15,+24.541, +7.105,+0.956
1677387420,+3.15,+24.541, +7.076,+0.956
1677387720,+3.15,+24.541, +7.130,+0.956
1677388020,+3.15,+24.533, +7.137,+0.956
1677388320,+3.15,+24.533, +7.112,+0.955
1677388620,+3.15,+24.533, +7.106,+0.956
1677388920,+3.15,+24.550, +7.109,+0.956
1677389220,+3.15,+24.533, +7.067,+0.956
1677389520,+3.15,+24.516, +7.074,+0.956
1677389820,+3.15,+24.516, +7.119,+0.956
1677390120,+3.15,+24.525, +7.118,+0.956
1677390420,+3.15,+24.508, +7.089,+0.956
1677390720,+3.15,+24.499, +7.095,+0.956
1677391020,+3.15,+24.516, +7.099,+0.956
1677391320,+3.15,+24.516, +7.107,+0.956
1677391620,+3.15,+24.508, +7.070,+0.956
1677391920,+3.15,+24.499, +7.075,+0.956
1677392220,+3.15,+24.499, +7.022,+0.956
1677392520,+3.15,+24.508, +7.055,+0.956
1677392820,+3.15,+24.499, +7.058,+0.956
1677393120,+3.15,+24.508, +7.056,+0.956
1677393420,+3.15,+24.483, +7.083,+0.956
1677393720,+3.15,+24.483, +7.084,+0.956
1677394020,+3.15,+24.491, +7.094,+0.956
1677394320,+3.15,+24.466, +7.090,+0.956
1677394620,+3.15,+24.466, +7.090,+0.956
1677394920,+3.15,+24.449, +7.108,+0.956
1677395220,+3.15,+24.466, +7.092,+0.956
1677395520,+3.15,+24.466, +7.074,+0.956
1677395820,+3.15,+24.483, +7.120,+0.956
1677396120,+3.15,+24.474, +7.124,+0.956
1677396420,+3.15,+24.466, +7.133,+0.956
1677396720,+3.15,+24.466, +7.114,+0.956
1677397020,+3.15,+24.474, +7.098,+0.956
1677397320,+3.15,+24.483, +7.079,+0.955
1677397620,+3.15,+24.449, +7.061,+0.956
1677397920,+3.15,+24.441, +7.045,+0.956
1677398220,+3.15,+24.449, +7.050,+0.956
1677398520,+3.15,+24.441, +7.022,+0.956
1677398820,+3.15,+24.449, +7.026,+0.955
1677399120,+3.15,+24.449, +7.021,+0.956
1677399420,+3.15,+24.441, +7.047,+0.955
1677399720,+3.15,+24.432, +7.066,+0.956
1677400020,+3.15,+24.441, +7.020,+0.956
1677400320,+3.15,+24.441, +6.996,+0.956
1677400620,+3.15,+24.441, +6.973,+0.956
1677400920,+3.15,+24.424, +6.968,+0.956
1677401220,+3.15,+24.424, +7.017,+0.956
1677401520,+3.15,+24.424, +7.010,+0.956
1677401820,+3.15,+24.399, +6.997,+0.956
1677402120,+3.15,+24.407, +6.999,+0.956
1677402420,+3.15,+24.407, +7.014,+0.956
1677402720,+3.15,+24.424, +6.998,+0.956
1677403020,+3.15,+24.399, +7.008,+0.956
1677403320,+3.15,+24.399, +6.998,+0.956
1677403620,+3.15,+24.407, +6.978,+0.956
1677403920,+3.15,+24.415, +6.984,+0.956
1677404220,+3.15,+24.407, +6.969,+0.956
1677404520,+3.15,+24.382, +7.051,+0.956
1677404820,+3.15,+24.357, +7.069,+0.956
1677405120,+3.15,+24.373, +7.062,+0.956
1677405420,+3.15,+24.382, +7.074,+0.955
1677405720,+3.15,+24.399, +7.064,+0.956
1677406020,+3.15,+24.382, +7.066,+0.955
1677406320,+3.15,+24.382, +7.076,+0.956
1677406620,+3.15,+24.382, +7.084,+0.956
1677406920,+3.15,+24.373, +7.092,+0.956
1677407220,+3.15,+24.382, +7.099,+0.955
1677407520,+3.15,+24.365, +7.102,+0.956
1677407820,+3.15,+24.373, +7.115,+0.955
1677408120,+3.15,+24.390, +7.119,+0.956
1677408420,+3.15,+24.399, +7.118,+0.955
1677408720,+3.15,+24.407, +7.119,+0.956
1677409020,+3.15,+24.415, +7.132,+0.956
1677409320,+3.15,+24.407, +7.132,+0.956
1677409620,+3.15,+24.407, +7.141,+0.956
1677409920,+3.15,+24.432, +7.140,+0.956
1677410220,+3.15,+24.441, +7.131,+0.955
1677410520,+3.15,+24.457, +7.119,+0.956
1677410820,+3.15,+24.474, +7.109,+0.956
1677411120,+3.15,+24.466, +7.110,+0.955
1677411420,+3.15,+24.483, +7.146,+0.956
1677411720,+3.15,+24.483, +7.174,+0.956
1677412020,+3.15,+24.491, +7.164,+0.955
1677412320,+3.15,+24.491, +7.167,+0.956
1677412620,+3.15,+24.491, +7.175,+0.956
1677412920,+3.15,+24.499, +7.173,+0.956
1677413220,+3.15,+24.491, +7.180,+0.956
1677413520,+3.15,+24.491, +7.177,+0.956
1677413820,+3.15,+24.491, +7.191,+0.956
1677414120,+3.15,+24.516, +7.192,+0.956
1677414420,+3.15,+24.533, +7.195,+0.956
1677414720,+3.15,+24.525, +7.209,+0.956
1677415020,+3.15,+24.525, +7.220,+0.956
1677415320,+3.15,+24.550, +7.217,+0.956
1677415620,+3.15,+24.567, +7.222,+0.956
1677415920,+3.15,+24.583, +7.215,+0.956
1677416220,+3.15,+24.609, +7.200,+0.956
1677416520,+3.15,+24.592, +7.221,+0.956
1677416820,+3.15,+24.617, +7.218,+0.956
1677417120,+3.15,+24.617, +7.223,+0.956
1677417420,+3.15,+24.600, +7.234,+0.956
1677417720,+3.15,+24.609, +7.240,+0.956
1677418020,+3.15,+24.642, +7.233,+0.956
1677418320,+3.15,+24.651, +7.245,+0.956
1677418620,+3.15,+24.634, +7.252,+0.956
1677418920,+3.15,+24.626, +7.251,+0.955
1677419220,+3.15,+24.642, +7.269,+0.956
1677419520,+3.15,+24.642, +7.268,+0.956
1677419820,+3.15,+24.676, +7.284,+0.956
1677420120,+3.15,+24.659, +7.281,+0.956
1677420420,+3.15,+24.668, +7.282,+0.955
1677420720,+3.15,+24.684, +7.290,+0.956
1677421020,+3.15,+24.710, +7.297,+0.956
1677421320,+3.15,+24.718, +7.304,+0.956
1677421620,+3.14,+24.752, +7.307,+0.956
1677421920,+3.15,+24.735, +7.307,+0.955
1677422220,+3.14,+24.760, +7.326,+0.956
1677422520,+3.15,+24.760, +7.325,+0.956
1677422820,+3.14,+24.768, +7.344,+0.956
1677423120,+3.14,+24.777, +7.331,+0.955
1677423420,+3.14,+24.777, +7.338,+0.956
1677423720,+3.14,+24.768, +7.346,+0.955
1677424020,+3.14,+24.777, +7.354,+0.955
1677424320,+3.14,+24.785, +7.352,+0.955
1677424620,+3.14,+24.802, +7.373,+0.956
1677424920,+3.14,+24.827, +7.369,+0.956
1677425220,+3.14,+24.844, +7.383,+0.955
1677425520,+3.14,+24.869, +7.374,+0.956
1677425820,+3.14,+24.869, +7.385,+0.955
1677426120,+3.14,+24.836, +7.405,+0.956
1677426420,+3.14,+24.844, +7.406,+0.955
1677426720,+3.14,+24.853, +7.414,+0.956
1677427020,+3.14,+24.869, +7.418,+0.956
1677427320,+3.14,+24.895, +7.423,+0.956
1677427620,+3.14,+24.878, +7.425,+0.955
1677427920,+3.14,+24.869, +7.431,+0.956
1677428220,+3.14,+24.903, +7.433,+0.956
1677428520,+3.14,+24.903, +7.429,+0.956
1677428820,+3.14,+24.878, +7.438,+0.956
1677429120,+3.14,+24.869, +7.437,+0.956
1677429420,+3.14,+24.886, +7.441,+0.956
1677429720,+3.14,+24.869, +7.443,+0.956
1677430020,+3.14,+24.878, +7.432,+0.956
1677430320,+3.14,+24.886, +7.439,+0.956
1677430620,+3.14,+24.886, +7.429,+0.956
1677430920,+3.14,+24.895, +7.438,+0.956
1677431220,+3.14,+24.903, +7.443,+0.956
1677431520,+3.14,+24.911, +7.440,+0.955
1677431820,+3.14,+24.920, +7.450,+0.955
1677432120,+3.14,+24.945, +7.462,+0.956
1677432420,+3.14,+24.937, +7.468,+0.956
1677432720,+3.14,+24.954, +7.468,+0.956
