7450-041662
OS REV: 1.05 Sensor Cal: 1663258284
Time (sec),  BV (Volts),  T (deg C),  DO (mg/l),  Q ()
1677433020,+3.15,+24.962, +7.484,+0.956
1677433320,+3.14,+24.996, +7.486,+0.956
1677433620,+3.14,+25.004, +7.479,+0.955
1677433920,+3.14,+25.021, +7.486,+0.956
1677434220,+3.14,+25.012, +7.486,+0.956
1677434520,+3.14,+25.021, +7.479,+0.955
1677434820,+3.14,+25.046, +7.500,+0.956
1677435120,+3.14,+25.038, +7.503,+0.955
1677435420,+3.14,+25.046, +7.504,+0.955
1677435720,+3.14,+25.038, +7.513,+0.955
1677436020,+3.14,+25.029, +7.524,+0.956
1677436320,+3.14,+25.038, +7.534,+0.956
1677436620,+3.14,+25.029, +7.537,+0.956
1677436920,+3.14,+25.055, +7.530,+0.955
1677437220,+3.14,+25.080, +7.529,+0.955
1677437520,+3.14,+25.097, +7.547,+0.956
1677437820,+3.14,+25.113, +7.552,+0.956
1677438120,+3.14,+25.122, +7.548,+0.956
1677438420,+3.14,+25.105, +7.546,+0.956
1677438720,+3.14,+25.105, +7.556,+0.956
1677439020,+3.14,+25.105, +7.556,+0.956
1677439320,+3.14,+25.097, +7.559,+0.956
1677439620,+3.14,+25.080, +7.568,+0.956
1677439920,+3.14,+25.080, +7.571,+0.956
1677440220,+3.14,+25.080, +7.573,+0.956
1677440520,+3.14,+25.071, +7.579,+0.955
1677440820,+3.14,+25.080, +7.582,+0.956
1677441120,+3.14,+25.071, +7.585,+0.956
1677441420,+3.14,+25.071, +7.580,+0.955
1677441720,+3.14,+25.071, +7.577,+0.956
1677442020,+3.14,+25.071, +7.588,+0.955
1677442320,+3.14,+25.105, +7.581,+0.956
1677442620,+3.14,+25.122, +7.605,+0.956
1677442920,+3.14,+25.139, +7.602,+0.955
1677443220,+3.14,+25.147, +7.599,+0.956
1677443520,+3.14,+25.164, +7.596,+0.956
1677443820,+3.14,+25.130, +7.593,+0.956
1677444120,+3.14,+25.156, +7.618,+0.956
1677444420,+3.14,+25.147, +7.609,+0.956
1677444720,+3.14,+25.156, +7.610,+0.956
1677445020,+3.14,+25.147, +7.603,+0.956
1677445320,+3.14,+25.147, +7.599,+0.956
1677445620,+3.14,+25.139, +7.586,+0.955
1677445920,+3.14,+25.147, +7.579,+0.955
1677446220,+3.14,+25.139, +7.562,+0.955
1677446520,+3.14,+25.122, +7.580,+0.955
1677446820,+3.14,+25.130, +7.586,+0.956
1677447120,+3.14,+25.130, +7.565,+0.956
1677447420,+3.14,+25.113, +7.537,+0.955
1677447720,+3.14,+25.122, +7.513,+0.955
1677448020,+3.14,+25.113, +7.518,+0.955
1677448320,+3.14,+25.105, +7.539,+0.956
1677448620,+3.14,+25.122, +7.540,+0.956
1677448920,+3.14,+25.088, +7.536,+0.956
1677449220,+3.14,+25.080, +7.511,+0.956
1677449520,+3.14,+25.097, +7.500,+0.956
1677449820,+3.14,+25.088, +7.508,+0.955
1677450120,+3.14,+25.088, +7.503,+0.956
1677450420,+3.14,+25.063, +7.515,+0.956
1677450720,+3.14,+25.080, +7.484,+0.955
1677451020,+3.14,+25.063, +7.488,+0.955
1677451320,+3.14,+25.038, +7.469,+0.956
1677451620,+3.14,+25.063, +7.479,+0.955
1677451920,+3.14,+25.038, +7.491,+0.956
1677452220,+3.14,+25.055, +7.499,+0.956
1677452520,+3.14,+25.029, +7.506,+0.955
1677452820,+3.14,+25.038, +7.508,+0.956
1677453120,+3.14,+25.038, +7.474,+0.956
1677453420,+3.14,+25.021, +7.463,+0.955
1677453720,+3.14,+25.021, +7.448,+0.956
1677454020,+3.14,+25.004, +7.448,+0.956
1677454320,+3.14,+25.004, +7.449,+0.956
1677454620,+3.14,+25.012, +7.446,+0.956
1677454920,+3.14,+24.996, +7.443,+0.956
1677455220,+3.14,+24.987, +7.478,+0.955
1677455520,+3.14,+24.979, +7.460,+0.956
1677455820,+3.14,+24.979, +7.441,+0.956
1677456120,+3.14,+24.962, +7.410,+0.956
1677456420,+3.14,+24.970, +7.364,+0.956
1677456720,+3.14,+24.954, +7.405,+0.955
1677457020,+3.14,+24.945, +7.412,+0.956
1677457320,+3.14,+24.962, +7.403,+0.956
1677457620,+3.14,+24.945, +7.377,+0.956
1677457920,+3.14,+24.928, +7.420,+0.955
1677458220,+3.14,+24.920, +7.352,+0.956
1677458520,+3.14,+24.928, +7.352,+0.956
1677458820,+3.14,+24.911, +7.359,+0.955
1677459120,+3.14,+24.911, +7.372,+0.956
1677459420,+3.14,+24.895, +7.378,+0.956
1677459720,+3.14,+24.903, +7.357,+0.956
1677460020,+3.14,+24.920, +7.363,+0.956
1677460320,+3.14,+24.886, +7.388,+0.955
1677460620,+3.14,+24.886, +7.406,+0.956
1677460920,+3.14,+24.886, +7.381,+0.956
1677461220,+3.14,+24.869, +7.403,+0.956
1677461520,+3.14,+24.869, +7.359,+0.956
1677461820,+3.14,+24.861, +7.363,+0.956
1677462120,+3.14,+24.844, +7.344,+0.956
1677462420,+3.14,+24.827, +7.364,+0.955
1677462720,+3.14,+24.836, +7.338,+0.956
1677463020,+3.14,+24.827, +7.326,+0.955
1677463320,+3.14,+24.836, +7.296,+0.956
1677463620,+3.14,+24.836, +7.277,+0.956
1677463920,+3.14,+24.811, +7.284,+0.955
1677464220,+3.14,+24.819, +7.325,+0.956
1677464520,+3.14,+24.802, +7.316,+0.956
1677464820,+3.14,+24.794, +7.288,+0.955
1677465120,+3.14,+24.785, +7.295,+0.955
1677465420,+3.14,+24.802, +7.291,+0.956
1677465720,+3.14,+24.802, +7.252,+0.956
1677466020,+3.15,+24.777, +7.281,+0.956
1677466320,+3.14,+24.785, +7.291,+0.956
1677466620,+3.15,+24.752, +7.234,+0.956
1677466920,+3.14,+24.768, +7.265,+0.955
1677467220,+3.15,+24.777, +7.257,+0.956
1677467520,+3.15,+24.752, +7.223,+0.956
1677467820,+3.15,+24.752, +7.276,+0.956
1677468120,+3.14,+24.768, +7.247,+0.956
1677468420,+3.14,+24.743, +7.258,+0.955
1677468720,+3.14,+24.735, +7.264,+0.956
1677469020,+3.15,+24.726, +7.273,+0.956
1677469320,+3.15,+24.752, +7.255,+0.956
1677469620,+3.15,+24.726, +7.236,+0.956
1677469920,+3.15,+24.743, +7.286,+0.956
1677470220,+3.14,+24.726, +7.274,+0.956
1677470520,+3.14,+24.735, +7.278,+0.956
1677470820,+3.14,+24.726, +7.256,+0.956
1677471120,+3.14,+24.735, +7.224,+0.955
1677471420,+3.15,+24.718, +7.262,+0.956
1677471720,+3.15,+24.718, +7.266,+0.956
1677472020,+3.15,+24.710, +7.290,+0.956
1677472320,+3.15,+24.701, +7.329,+0.956
1677472620,+3.15,+24.710, +7.318,+0.956
1677472920,+3.14,+24.710, +7.331,+0.956
1677473220,+3.15,+24.710, +7.322,+0.956
1677473520,+3.15,+24.676, +7.306,+0.956
1677473820,+3.15,+24.684, +7.323,+0.955
1677474120,+3.15,+24.676, +7.328,+0.956
1677474420,+3.15,+24.676, +7.332,+0.956
1677474720,+3.15,+24.676, +7.330,+0.956
1677475020,+3.14,+24.684, +7.327,+0.956
1677475320,+3.15,+24.676, +7.290,+0.955
1677475620,+3.15,+24.676, +7.303,+0.955
1677475920,+3.15,+24.659, +7.290,+0.955
1677476220,+3.14,+24.676, +7.290,+0.956
1677476520,+3.15,+24.668, +7.280,+0.956
1677476820,+3.15,+24.659, +7.273,+0.956
1677477120,+3.15,+24.668, +7.274,+0.956
1677477420,+3.15,+24.668, +7.276,+0.956
1677477720,+3.15,+24.651, +7.269,+0.956
1677478020,+3.15,+24.668, +7.270,+0.956
1677478320,+3.15,+24.634, +7.254,+0.956
1677478620,+3.15,+24.642, +7.237,+0.956
1677478920,+3.15,+24.626, +7.236,+0.955
1677479220,+3.15,+24.634, +7.231,+0.956
1677479520,+3.15,+24.626, +7.231,+0.956
1677479820,+3.15,+24.609, +7.218,+0.956
1677480120,+3.15,+24.626, +7.223,+0.956
1677480420,+3.15,+24.626, +7.220,+0.955
1677480720,+3.15,+24.600, +7.199,+0.956
1677481020,+3.15,+24.626, +7.219,+0.956
1677481320,+3.15,+24.600, +7.207,+0.955
1677481620,+3.15,+24.609, +7.175,+0.956
1677481920,+3.15,+24.617, +7.163,+0.956
1677482220,+3.15,+24.600, +7.155,+0.956
1677482520,+3.15,+24.600, +7.191,+0.956
1677482820,+3.15,+24.617, +7.176,+0.956
1677483120,+3.15,+24.609, +7.174,+0.956
1677483420,+3.15,+24.592, +7.158,+0.955
1677483720,+3.15,+24.600, +7.178,+0.955
1677484020,+3.15,+24.592, +7.182,+0.956
1677484320,+3.15,+24.600, +7.168,+0.956
1677484620,+3.15,+24.600, +7.135,+0.956
1677484920,+3.15,+24.592, +7.133,+0.956
1677485220,+3.15,+24.558, +7.139,+0.955
1677485520,+3.15,+24.558, +7.149,+0.956
1677485820,+3.15,+24.567, +7.146,+0.956
1677486120,+3.15,+24.575, +7.136,+0.955
1677486420,+3.15,+24.550, +7.133,+0.956
1677486720,+3.15,+24.550, +7.102,+0.955
1677487020,+3.15,+24.533, +7.089,+0.956
1677487320,+3.15,+24.567, +7.093,+0.956
1677487620,+3.15,+24.550, +7.098,+0.955
1677487920,+3.15,+24.558, +7.132,+0.956
1677488220,+3.15,+24.541, +7.134,+0.956
1677488520,+3.15,+24.533, +7.135,+0.956
1677488820,+3.15,+24.525, +7.123,+0.956
1677489120,+3.15,+24.525, +7.112,+0.956
1677489420,+3.15,+24.541, +7.115,+0.956
1677489720,+3.15,+24.525, +7.103,+0.956
1677490020,+3.15,+24.525, +7.091,+0.956
1677490320,+3.15,+24.525, +7.092,+0.956
1677490620,+3.15,+24.533, +7.067,+0.955
1677490920,+3.15,+24.525, +7.076,+0.956
1677491220,+3.15,+24.516, +7.078,+0.956
1677491520,+3.15,+24.499, +7.054,+0.956
1677491820,+3.15,+24.516, +7.102,+0.956
1677492120,+3.15,+24.499, +7.095,+0.956
1677492420,+3.15,+24.508, +7.091,+0.956
1677492720,+3.15,+24.516, +7.087,+0.955
1677493020,+3.15,+24.491, +7.070,+0.956
1677493320,+3.15,+24.508, +7.119,+0.956
1677493620,+3.15,+24.516, +7.160,+0.956
1677493920,+3.15,+24.491, +7.145,+0.955
1677494220,+3.15,+24.491, +7.122,+0.955
1677494520,+3.15,+24.474, +7.127,+0.956
1677494820,+3.15,+24.483, +7.152,+0.956
1677495120,+3.15,+24.499, +7.170,+0.956
1677495420,+3.15,+24.516, +7.164,+0.955
1677495720,+3.15,+24.499, +7.163,+0.956
1677496020,+3.15,+24.491, +7.172,+0.956
1677496320,+3.15,+24.508, +7.171,+0.956
1677496620,+3.15,+24.516, +7.198,+0.955
1677496920,+3.15,+24.516, +7.177,+0.955
1677497220,+3.15,+24.508, +7.208,+0.956
1677497520,+3.15,+24.499, +7.207,+0.955
1677497820,+3.15,+24.525, +7.233,+0.956
1677498120,+3.15,+24.499, +7.261,+0.956
1677498420,+3.15,+24.508, +7.259,+0.956
1677498720,+3.15,+24.525, +7.277,+0.955
1677499020,+3.15,+24.525, +7.281,+0.956
1677499320,+3.15,+24.525, +7.294,+0.956
1677499620,+3.15,+24.541, +7.293,+0.956
1677499920,+3.15,+24.550, +7.314,+0.956
1677500220,+3.15,+24.541, +7.320,+0.956
1677500520,+3.15,+24.567, +7.312,+0.956
1677500820,+3.15,+24.558, +7.335,+0.956
1677501120,+3.15,+24.567, +7.337,+0.956
1677501420,+3.15,+24.567, +7.356,+0.956
1677501720,+3.15,+24.583, +7.354,+0.956
1677502020,+3.15,+24.575, +7.373,+0.956
1677502320,+3.15,+24.592, +7.379,+0.955
1677502620,+3.15,+24.583, +7.386,+0.956
1677502920,+3.15,+24.609, +7.377,+0.955
1677503220,+3.15,+24.609, +7.393,+0.956
1677503520,+3.15,+24.642, +7.399,+0.956
1677503820,+3.15,+24.617, +7.404,+0.955
1677504120,+3.14,+24.651, +7.408,+0.956
1677504420,+3.14,+24.659, +7.415,+0.955
1677504720,+3.14,+24.668, +7.430,+0.955
1677505020,+3.14,+24.684, +7.441,+0.955
1677505320,+3.14,+24.701, +7.450,+0.956
1677505620,+3.14,+24.676, +7.481,+0.956
1677505920,+3.14,+24.684, +7.489,+0.956
1677506220,+3.14,+24.710, +7.493,+0.956
1677506520,+3.14,+24.718, +7.495,+0.955
1677506820,+3.14,+24.735, +7.516,+0.956
1677507120,+3.14,+24.718, +7.527,+0.956
1677507420,+3.14,+24.735, +7.554,+0.955
1677507720,+3.14,+24.726, +7.558,+0.956
1677508020,+3.14,+24.718, +7.536,+0.955
1677508320,+3.14,+24.726, +7.550,+0.956
1677508620,+3.14,+24.693, +7.535,+0.956
1677508920,+3.14,+24.701, +7.558,+0.956
1677509220,+3.14,+24.684, +7.562,+0.956
1677509520,+3.14,+24.693, +7.560,+0.955
1677509820,+3.14,+24.693, +7.528,+0.956
1677510120,+3.14,+24.693, +7.546,+0.955
1677510420,+3.14,+24.710, +7.568,+0.956
1677510720,+3.14,+24.701, +7.590,+0.955
1677511020,+3.14,+24.710, +7.589,+0.955
1677511320,+3.14,+24.693, +7.594,+0.956
1677511620,+3.14,+24.693, +7.603,+0.956
1677511920,+3.14,+24.693, +7.631,+0.956
1677512220,+3.14,+24.693, +7.634,+0.955
1677512520,+3.14,+24.668, +7.636,+0.955
1677512820,+3.15,+24.651, +7.659,+0.956
1677513120,+3.15,+24.651, +7.663,+0.956
1677513420,+3.14,+24.659, +7.677,+0.955
1677513720,+3.14,+24.659, +7.695,+0.956
1677514020,+3.14,+24.659, +7.709,+0.955
1677514320,+3.14,+24.676, +7.726,+0.956
1677514620,+3.14,+24.668, +7.744,+0.956
1677514920,+3.14,+24.676, +7.763,+0.956
1677515220,+3.14,+24.676, +7.770,+0.955
1677515520,+3.14,+24.693, +7.787,+0.956
1677515820,+3.14,+24.710, +7.795,+0.956
1677516120,+3.14,+24.718, +7.806,+0.956
1677516420,+3.14,+24.735, +7.787,+0.956
1677516720,+3.14,+24.726, +7.783,+0.956
1677517020,+3.14,+24.718, +7.775,+0.956
1677517320,+3.14,+24.693, +7.787,+0.956
1677517620,+3.14,+24.676, +7.841,+0.956
1677517920,+3.14,+24.676, +7.833,+0.956
1677518220,+3.14,+24.676, +7.800,+0.956
1677518520,+3.14,+24.651, +7.776,+0.956
1677518820,+3.14,+24.642, +7.781,+0.956
1677519120,+3.14,+24.617, +7.817,+0.956
1677519420,+3.14,+24.634, +7.827,+0.955
