7450-018958
OS REV: 1.05 Sensor Cal: 1661958677
Time (sec),  BV (Volts),  T (deg C),  DO (mg/l),  Q ()
1668616860,+3.15,+22.777, +8.464,+0.959
1668617160,+3.15,+22.777, +8.455,+0.960
1668617460,+3.15,+22.810, +8.434,+0.959
1668617760,+3.15,+22.810, +8.430,+0.959
1668618060,+3.15,+22.819, +8.468,+0.959
1668618360,+3.15,+22.835, +8.465,+0.959
1668618660,+3.15,+22.844, +8.479,+0.959
1668618960,+3.15,+22.852, +8.472,+0.959
1668619260,+3.15,+22.827, +8.481,+0.959
1668619560,+3.15,+22.835, +8.468,+0.959
1668619860,+3.15,+22.852, +8.489,+0.959
1668620160,+3.15,+22.852, +8.508,+0.959
1668620460,+3.15,+22.861, +8.525,+0.959
1668620760,+3.15,+22.894, +8.488,+0.958
1668621060,+3.15,+22.894, +8.467,+0.958
1668621360,+3.15,+22.919, +8.474,+0.959
1668621660,+3.15,+22.919, +8.497,+0.959
1668621960,+3.15,+22.944, +8.492,+0.959
1668622260,+3.15,+22.961, +8.499,+0.959
1668622560,+3.15,+22.936, +8.476,+0.959
1668622860,+3.15,+22.961, +8.472,+0.959
1668623160,+3.15,+22.953, +8.493,+0.959
1668623460,+3.15,+22.986, +8.510,+0.959
1668623760,+3.15,+22.978, +8.492,+0.959
1668624060,+3.15,+22.986, +8.506,+0.959
1668624360,+3.15,+22.961, +8.516,+0.959
1668624660,+3.15,+22.969, +8.540,+0.959
1668624960,+3.15,+22.919, +8.543,+0.959
1668625260,+3.15,+22.894, +8.557,+0.959
1668625560,+3.15,+22.869, +8.570,+0.959
1668625860,+3.15,+22.877, +8.564,+0.959
1668626160,+3.15,+22.861, +8.574,+0.959
1668626460,+3.15,+22.869, +8.588,+0.959
1668626760,+3.15,+22.844, +8.607,+0.959
1668627060,+3.15,+22.852, +8.594,+0.959
1668627360,+3.15,+22.861, +8.601,+0.959
1668627660,+3.15,+22.844, +8.601,+0.959
1668627960,+3.15,+22.819, +8.609,+0.959
1668628260,+3.15,+22.819, +8.609,+0.959
1668628560,+3.15,+22.810, +8.607,+0.959
1668628860,+3.15,+22.810, +8.577,+0.959
1668629160,+3.15,+22.794, +8.615,+0.959
1668629460,+3.15,+22.777, +8.610,+0.959
1668629760,+3.15,+22.743, +8.617,+0.959
1668630060,+3.15,+22.718, +8.614,+0.959
1668630360,+3.15,+22.727, +8.605,+0.959
1668630660,+3.15,+22.702, +8.633,+0.960
1668630960,+3.15,+22.702, +8.630,+0.959
1668631260,+3.15,+22.693, +8.618,+0.959
1668631560,+3.15,+22.668, +8.605,+0.958
1668631860,+3.15,+22.660, +8.641,+0.959
1668632160,+3.15,+22.643, +8.624,+0.959
1668632460,+3.15,+22.643, +8.632,+0.959
1668632760,+3.15,+22.610, +8.636,+0.959
1668633060,+3.15,+22.593, +8.623,+0.959
1668633360,+3.15,+22.551, +8.636,+0.959
1668633660,+3.15,+22.559, +8.621,+0.959
1668633960,+3.15,+22.568, +8.623,+0.959
1668634260,+3.15,+22.576, +8.676,+0.959
1668634560,+3.15,+22.568, +8.657,+0.959
1668634860,+3.15,+22.543, +8.671,+0.960
1668635160,+3.15,+22.551, +8.649,+0.959
1668635460,+3.15,+22.543, +8.657,+0.959
1668635760,+3.15,+22.534, +8.662,+0.959
1668636060,+3.15,+22.509, +8.674,+0.959
1668636360,+3.15,+22.492, +8.657,+0.959
1668636660,+3.15,+22.476, +8.636,+0.959
1668636960,+3.15,+22.476, +8.614,+0.959
1668637260,+3.15,+22.442, +8.613,+0.959
1668637560,+3.15,+22.442, +8.598,+0.959
1668637860,+3.15,+22.434, +8.578,+0.959
1668638160,+3.15,+22.417, +8.571,+0.959
1668638460,+3.15,+22.384, +8.572,+0.959
1668638760,+3.15,+22.334, +8.576,+0.959
1668639060,+3.15,+22.342, +8.557,+0.959
1668639360,+3.15,+22.317, +8.560,+0.959
1668639660,+3.15,+22.300, +8.540,+0.959
1668639960,+3.15,+22.292, +8.521,+0.959
1668640260,+3.15,+22.258, +8.522,+0.959
1668640560,+3.15,+22.250, +8.507,+0.959
1668640860,+3.15,+22.242, +8.518,+0.959
1668641160,+3.15,+22.242, +8.498,+0.959
1668641460,+3.15,+22.216, +8.511,+0.959
1668641760,+3.15,+22.216, +8.502,+0.959
1668642060,+3.15,+22.183, +8.523,+0.960
1668642360,+3.15,+22.158, +8.517,+0.959
1668642660,+3.15,+22.150, +8.521,+0.959
1668642960,+3.15,+22.141, +8.520,+0.959
1668643260,+3.15,+22.116, +8.533,+0.959
1668643560,+3.15,+22.141, +8.537,+0.959
1668643860,+3.15,+22.108, +8.534,+0.959
1668644160,+3.15,+22.083, +8.524,+0.959
1668644460,+3.15,+22.066, +8.536,+0.960
1668644760,+3.15,+22.058, +8.518,+0.959
1668645060,+3.15,+22.041, +8.511,+0.959
1668645360,+3.15,+22.024, +8.498,+0.959
1668645660,+3.15,+22.049, +8.470,+0.959
1668645960,+3.15,+22.024, +8.469,+0.959
1668646260,+3.15,+22.041, +8.446,+0.959
1668646560,+3.15,+22.024, +8.427,+0.959
1668646860,+3.15,+22.024, +8.438,+0.959
1668647160,+3.15,+22.007, +8.447,+0.959
1668647460,+3.15,+22.007, +8.454,+0.959
1668647760,+3.15,+21.991, +8.440,+0.959
1668648060,+3.15,+21.957, +8.459,+0.960
1668648360,+3.15,+21.957, +8.454,+0.959
1668648660,+3.15,+21.941, +8.451,+0.959
1668648960,+3.15,+21.941, +8.448,+0.959
1668649260,+3.15,+21.924, +8.463,+0.959
1668649560,+3.15,+21.924, +8.454,+0.959
1668649860,+3.15,+21.924, +8.449,+0.959
1668650160,+3.15,+21.915, +8.439,+0.959
1668650460,+3.15,+21.907, +8.437,+0.958
1668650760,+3.15,+21.882, +8.453,+0.959
1668651060,+3.15,+21.899, +8.427,+0.959
1668651360,+3.15,+21.899, +8.427,+0.959
1668651660,+3.15,+21.840, +8.452,+0.959
1668651960,+3.15,+21.874, +8.443,+0.959
1668652260,+3.15,+21.849, +8.449,+0.960
1668652560,+3.15,+21.840, +8.438,+0.959
1668652860,+3.15,+21.832, +8.440,+0.959
1668653160,+3.15,+21.823, +8.427,+0.959
1668653460,+3.15,+21.832, +8.429,+0.959
1668653760,+3.15,+21.823, +8.423,+0.959
1668654060,+3.15,+21.815, +8.436,+0.959
1668654360,+3.15,+21.807, +8.445,+0.959
1668654660,+3.15,+21.798, +8.442,+0.959
1668654960,+3.15,+21.790, +8.447,+0.959
1668655260,+3.15,+21.798, +8.450,+0.959
1668655560,+3.15,+21.773, +8.439,+0.959
1668655860,+3.15,+21.790, +8.425,+0.959
1668656160,+3.15,+21.782, +8.455,+0.959
1668656460,+3.15,+21.782, +8.445,+0.959
1668656760,+3.15,+21.782, +8.444,+0.959
1668657060,+3.15,+21.773, +8.455,+0.959
1668657360,+3.15,+21.773, +8.449,+0.959
1668657660,+3.15,+21.765, +8.449,+0.959
1668657960,+3.15,+21.765, +8.441,+0.959
1668658260,+3.15,+21.773, +8.429,+0.959
1668658560,+3.15,+21.765, +8.436,+0.959
1668658860,+3.15,+21.773, +8.424,+0.959
1668659160,+3.15,+21.740, +8.414,+0.959
1668659460,+3.15,+21.748, +8.411,+0.959
1668659760,+3.15,+21.732, +8.407,+0.959
1668660060,+3.15,+21.732, +8.383,+0.959
1668660360,+3.15,+21.732, +8.375,+0.959
1668660660,+3.15,+21.715, +8.392,+0.959
1668660960,+3.15,+21.765, +8.327,+0.959
1668661260,+3.15,+21.773, +8.326,+0.959
1668661560,+3.15,+21.740, +8.342,+0.959
1668661860,+3.15,+21.765, +8.324,+0.959
1668662160,+3.15,+21.757, +8.325,+0.959
1668662460,+3.15,+21.765, +8.300,+0.959
1668662760,+3.15,+21.773, +8.307,+0.959
1668663060,+3.15,+21.765, +8.309,+0.959
1668663360,+3.15,+21.723, +8.306,+0.959
1668663660,+3.15,+21.732, +8.294,+0.958
1668663960,+3.15,+21.723, +8.309,+0.959
1668664260,+3.15,+21.732, +8.309,+0.959
1668664560,+3.15,+21.715, +8.296,+0.958
1668664860,+3.15,+21.715, +8.308,+0.959
1668665160,+3.15,+21.723, +8.301,+0.959
1668665460,+3.15,+21.698, +8.307,+0.959
1668665760,+3.15,+21.715, +8.305,+0.959
1668666060,+3.15,+21.698, +8.254,+0.959
1668666360,+3.15,+21.698, +8.269,+0.959
1668666660,+3.15,+21.690, +8.291,+0.959
1668666960,+3.15,+21.673, +8.301,+0.959
1668667260,+3.15,+21.673, +8.277,+0.959
1668667560,+3.15,+21.665, +8.280,+0.959
1668667860,+3.15,+21.673, +8.281,+0.959
1668668160,+3.15,+21.648, +8.283,+0.959
1668668460,+3.15,+21.631, +8.271,+0.959
1668668760,+3.15,+21.640, +8.270,+0.959
1668669060,+3.15,+21.623, +8.278,+0.959
1668669360,+3.15,+21.631, +8.278,+0.959
1668669660,+3.15,+21.623, +8.257,+0.959
1668669960,+3.15,+21.606, +8.277,+0.959
1668670260,+3.15,+21.589, +8.269,+0.959
1668670560,+3.15,+21.573, +8.260,+0.959
1668670860,+3.15,+21.573, +8.267,+0.959
1668671160,+3.15,+21.556, +8.271,+0.959
1668671460,+3.15,+21.581, +8.287,+0.959
1668671760,+3.15,+21.581, +8.280,+0.959
1668672060,+3.15,+21.581, +8.275,+0.959
1668672360,+3.15,+21.564, +8.278,+0.959
1668672660,+3.15,+21.556, +8.272,+0.959
1668672960,+3.15,+21.556, +8.261,+0.958
1668673260,+3.15,+21.548, +8.264,+0.959
1668673560,+3.15,+21.539, +8.267,+0.959
1668673860,+3.15,+21.531, +8.273,+0.959
1668674160,+3.15,+21.539, +8.258,+0.959
1668674460,+3.15,+21.514, +8.286,+0.958
1668674760,+3.15,+21.506, +8.279,+0.959
1668675060,+3.15,+21.472, +8.287,+0.959
1668675360,+3.15,+21.514, +8.289,+0.959
1668675660,+3.15,+21.489, +8.302,+0.959
1668675960,+3.15,+21.497, +8.294,+0.959
1668676260,+3.15,+21.497, +8.263,+0.959
1668676560,+3.15,+21.489, +8.266,+0.959
1668676860,+3.15,+21.489, +8.297,+0.959
1668677160,+3.15,+21.497, +8.292,+0.959
1668677460,+3.15,+21.489, +8.300,+0.959
1668677760,+3.15,+21.472, +8.283,+0.959
1668678060,+3.15,+21.481, +8.258,+0.959
1668678360,+3.15,+21.456, +8.287,+0.959
1668678660,+3.15,+21.489, +8.296,+0.959
1668678960,+3.15,+21.489, +8.302,+0.959
1668679260,+3.15,+21.497, +8.307,+0.959
1668679560,+3.15,+21.481, +8.318,+0.959
1668679860,+3.15,+21.506, +8.303,+0.959
1668680160,+3.15,+21.514, +8.301,+0.958
1668680460,+3.15,+21.489, +8.327,+0.959
1668680760,+3.15,+21.506, +8.301,+0.959
1668681060,+3.15,+21.506, +8.320,+0.959
1668681360,+3.15,+21.506, +8.329,+0.959
1668681660,+3.15,+21.514, +8.334,+0.959
1668681960,+3.15,+21.514, +8.334,+0.959
1668682260,+3.15,+21.497, +8.341,+0.959
1668682560,+3.15,+21.506, +8.326,+0.958
1668682860,+3.15,+21.497, +8.332,+0.959
1668683160,+3.15,+21.514, +8.353,+0.959
1668683460,+3.15,+21.522, +8.351,+0.959
1668683760,+3.15,+21.539, +8.367,+0.959
1668684060,+3.15,+21.531, +8.351,+0.958
1668684360,+3.15,+21.539, +8.371,+0.959
1668684660,+3.15,+21.548, +8.374,+0.959
1668684960,+3.15,+21.556, +8.373,+0.960
1668685260,+3.15,+21.564, +8.374,+0.959
1668685560,+3.15,+21.581, +8.377,+0.959
1668685860,+3.15,+21.598, +8.357,+0.959
1668686160,+3.15,+21.581, +8.360,+0.959
1668686460,+3.15,+21.614, +8.372,+0.959
1668686760,+3.15,+21.623, +8.363,+0.959
1668687060,+3.15,+21.640, +8.368,+0.959
1668687360,+3.15,+21.631, +8.387,+0.959
1668687660,+3.15,+21.640, +8.384,+0.958
1668687960,+3.15,+21.673, +8.380,+0.959
1668688260,+3.15,+21.681, +8.382,+0.959
1668688560,+3.15,+21.690, +8.385,+0.959
1668688860,+3.15,+21.706, +8.390,+0.959
1668689160,+3.15,+21.706, +8.378,+0.959
1668689460,+3.15,+21.723, +8.395,+0.959
1668689760,+3.15,+21.723, +8.392,+0.959
1668690060,+3.15,+21.765, +8.389,+0.959
1668690360,+3.15,+21.807, +8.356,+0.958
1668690660,+3.15,+21.773, +8.387,+0.959
1668690960,+3.15,+21.773, +8.390,+0.959
1668691260,+3.15,+21.790, +8.387,+0.959
1668691560,+3.15,+21.765, +8.385,+0.959
1668691860,+3.15,+21.790, +8.393,+0.959
1668692160,+3.15,+21.790, +8.416,+0.959
1668692460,+3.15,+21.798, +8.430,+0.960
1668692760,+3.15,+21.832, +8.405,+0.959
1668693060,+3.15,+21.840, +8.411,+0.959
1668693360,+3.15,+21.890, +8.414,+0.959
1668693660,+3.15,+21.899, +8.421,+0.959
1668693960,+3.15,+21.899, +8.425,+0.959
1668694260,+3.15,+21.890, +8.425,+0.959
1668694560,+3.15,+21.932, +8.426,+0.959
1668694860,+3.15,+21.932, +8.423,+0.959
1668695160,+3.15,+21.907, +8.440,+0.959
1668695460,+3.15,+21.899, +8.458,+0.959
1668695760,+3.15,+21.907, +8.447,+0.959
1668696060,+3.15,+21.924, +8.455,+0.959
1668696360,+3.15,+21.924, +8.454,+0.959
1668696660,+3.15,+21.941, +8.458,+0.959
1668696960,+3.15,+21.924, +8.461,+0.959
1668697260,+3.15,+21.941, +8.459,+0.959
1668697560,+3.15,+21.999, +8.448,+0.959
1668697860,+3.15,+22.016, +8.450,+0.959
1668698160,+3.15,+22.058, +8.485,+0.959
1668698460,+3.15,+22.133, +8.473,+0.959
1668698760,+3.15,+22.041, +8.447,+0.959
1668699060,+3.15,+22.066, +8.454,+0.959
1668699360,+3.15,+22.049, +8.443,+0.958
1668699660,+3.15,+22.083, +8.445,+0.959
1668699960,+3.15,+22.124, +8.442,+0.959
1668700260,+3.15,+22.141, +8.462,+0.959
1668700560,+3.15,+22.124, +8.454,+0.959
1668700860,+3.15,+22.124, +8.453,+0.959
1668701160,+3.15,+22.116, +8.477,+0.959
1668701460,+3.15,+22.108, +8.458,+0.959
1668701760,+3.15,+22.141, +8.462,+0.959
1668702060,+3.15,+22.141, +8.465,+0.959
1668702360,+3.15,+22.166, +8.462,+0.959
1668702660,+3.15,+22.216, +8.455,+0.958
1668702960,+3.15,+22.183, +8.470,+0.959
1668703260,+3.15,+22.158, +8.475,+0.959
