7450-018958
OS REV: 1.05 Sensor Cal: 1661958677
Time (sec),  BV (Volts),  T (deg C),  DO (mg/l),  Q ()
1669738620,+3.14,+21.522, +7.343,+0.959
1669738920,+3.14,+21.548, +7.339,+0.959
1669739220,+3.14,+21.522, +7.343,+0.960
1669739520,+3.14,+21.506, +7.348,+0.959
1669739820,+3.14,+21.531, +7.341,+0.960
1669740120,+3.14,+21.531, +7.335,+0.960
1669740420,+3.14,+21.497, +7.341,+0.960
1669740720,+3.14,+21.497, +7.359,+0.960
1669741020,+3.14,+21.506, +7.358,+0.960
1669741320,+3.14,+21.497, +7.338,+0.960
1669741620,+3.14,+21.514, +7.370,+0.960
1669741920,+3.14,+21.497, +7.389,+0.960
1669742220,+3.14,+21.514, +7.366,+0.960
1669742520,+3.14,+21.481, +7.396,+0.960
1669742820,+3.14,+21.514, +7.387,+0.959
1669743120,+3.14,+21.506, +7.396,+0.960
1669743420,+3.14,+21.531, +7.394,+0.960
1669743720,+3.14,+21.539, +7.398,+0.959
1669744020,+3.14,+21.539, +7.414,+0.959
1669744320,+3.14,+21.564, +7.412,+0.959
1669744620,+3.14,+21.573, +7.421,+0.960
1669744920,+3.14,+21.564, +7.410,+0.960
1669745220,+3.14,+21.573, +7.421,+0.960
1669745520,+3.14,+21.598, +7.433,+0.960
1669745820,+3.14,+21.573, +7.430,+0.959
1669746120,+3.14,+21.531, +7.417,+0.959
1669746420,+3.14,+21.531, +7.484,+0.959
1669746720,+3.14,+21.506, +7.590,+0.959
1669747020,+3.14,+21.514, +7.596,+0.959
1669747320,+3.14,+21.589, +7.610,+0.960
1669747620,+3.14,+21.581, +7.588,+0.959
1669747920,+3.14,+21.606, +7.588,+0.959
1669748220,+3.14,+21.606, +7.608,+0.960
1669748520,+3.14,+21.623, +7.615,+0.960
1669748820,+3.14,+21.623, +7.615,+0.960
1669749120,+3.14,+21.648, +7.612,+0.960
1669749420,+3.14,+21.656, +7.608,+0.959
1669749720,+3.14,+21.648, +7.611,+0.959
1669750020,+3.14,+21.648, +7.618,+0.960
1669750320,+3.14,+21.656, +7.614,+0.959
1669750620,+3.14,+21.665, +7.631,+0.960
1669750920,+3.14,+21.665, +7.634,+0.959
1669751220,+3.14,+21.681, +7.626,+0.959
1669751520,+3.14,+21.681, +7.614,+0.959
1669751820,+3.14,+21.690, +7.612,+0.959
1669752120,+3.14,+21.681, +7.611,+0.959
1669752420,+3.14,+21.690, +7.617,+0.960
1669752720,+3.14,+21.665, +7.625,+0.960
1669753020,+3.14,+21.673, +7.624,+0.960
1669753320,+3.14,+21.698, +7.634,+0.960
1669753620,+3.14,+21.690, +7.619,+0.959
1669753920,+3.14,+21.673, +7.636,+0.960
1669754220,+3.14,+21.665, +7.629,+0.959
1669754520,+3.14,+21.690, +7.637,+0.960
1669754820,+3.14,+21.665, +7.638,+0.959
1669755120,+3.14,+21.665, +7.649,+0.960
1669755420,+3.14,+21.665, +7.619,+0.959
1669755720,+3.14,+21.673, +7.631,+0.959
1669756020,+3.14,+21.681, +7.630,+0.960
1669756320,+3.14,+21.656, +7.623,+0.959
1669756620,+3.14,+21.656, +7.629,+0.959
1669756920,+3.14,+21.665, +7.635,+0.960
1669757220,+3.14,+21.656, +7.615,+0.959
1669757520,+3.14,+21.648, +7.635,+0.960
1669757820,+3.14,+21.648, +7.628,+0.959
1669758120,+3.14,+21.648, +7.628,+0.959
1669758420,+3.14,+21.640, +7.633,+0.959
1669758720,+3.14,+21.648, +7.631,+0.960
1669759020,+3.14,+21.631, +7.637,+0.960
1669759320,+3.14,+21.631, +7.623,+0.959
1669759620,+3.14,+21.648, +7.622,+0.959
1669759920,+3.14,+21.614, +7.628,+0.960
1669760220,+3.14,+21.640, +7.622,+0.960
1669760520,+3.14,+21.614, +7.628,+0.960
1669760820,+3.14,+21.623, +7.626,+0.960
1669761120,+3.14,+21.631, +7.612,+0.959
1669761420,+3.14,+21.614, +7.615,+0.959
1669761720,+3.14,+21.606, +7.625,+0.960
1669762020,+3.14,+21.606, +7.625,+0.960
1669762320,+3.14,+21.589, +7.626,+0.960
1669762620,+3.14,+21.598, +7.615,+0.960
1669762920,+3.14,+21.581, +7.617,+0.960
1669763220,+3.14,+21.589, +7.608,+0.960
1669763520,+3.14,+21.589, +7.601,+0.959
1669763820,+3.14,+21.564, +7.620,+0.960
1669764120,+3.14,+21.573, +7.601,+0.959
1669764420,+3.14,+21.564, +7.608,+0.959
1669764720,+3.14,+21.564, +7.606,+0.959
1669765020,+3.14,+21.539, +7.581,+0.959
1669765320,+3.14,+21.573, +7.577,+0.959
1669765620,+3.14,+21.556, +7.553,+0.960
1669765920,+3.14,+21.573, +7.575,+0.959
1669766220,+3.14,+21.548, +7.590,+0.960
1669766520,+3.14,+21.539, +7.581,+0.959
1669766820,+3.14,+21.539, +7.526,+0.959
1669767120,+3.14,+21.548, +7.541,+0.959
1669767420,+3.14,+21.539, +7.590,+0.960
1669767720,+3.14,+21.531, +7.588,+0.959
1669768020,+3.14,+21.531, +7.569,+0.959
1669768320,+3.14,+21.514, +7.576,+0.960
1669768620,+3.14,+21.506, +7.560,+0.960
1669768920,+3.14,+21.514, +7.553,+0.959
1669769220,+3.14,+21.514, +7.574,+0.960
1669769520,+3.14,+21.489, +7.563,+0.960
1669769820,+3.14,+21.522, +7.558,+0.960
1669770120,+3.14,+21.506, +7.552,+0.960
1669770420,+3.14,+21.481, +7.562,+0.959
1669770720,+3.14,+21.481, +7.554,+0.960
1669771020,+3.14,+21.489, +7.536,+0.959
1669771320,+3.14,+21.472, +7.536,+0.959
1669771620,+3.14,+21.472, +7.517,+0.959
1669771920,+3.14,+21.472, +7.532,+0.960
1669772220,+3.14,+21.464, +7.536,+0.960
1669772520,+3.14,+21.447, +7.537,+0.960
1669772820,+3.14,+21.447, +7.520,+0.960
1669773120,+3.14,+21.447, +7.527,+0.960
1669773420,+3.14,+21.447, +7.508,+0.959
1669773720,+3.14,+21.431, +7.528,+0.959
1669774020,+3.14,+21.422, +7.522,+0.960
1669774320,+3.14,+21.439, +7.512,+0.960
1669774620,+3.14,+21.422, +7.516,+0.960
1669774920,+3.14,+21.431, +7.515,+0.960
1669775220,+3.14,+21.439, +7.508,+0.959
1669775520,+3.14,+21.422, +7.499,+0.960
1669775820,+3.14,+21.431, +7.489,+0.960
1669776120,+3.14,+21.422, +7.499,+0.960
1669776420,+3.14,+21.414, +7.488,+0.960
1669776720,+3.14,+21.397, +7.463,+0.960
1669777020,+3.14,+21.414, +7.469,+0.959
1669777320,+3.14,+21.380, +7.485,+0.959
1669777620,+3.14,+21.405, +7.483,+0.960
1669777920,+3.14,+21.397, +7.477,+0.960
1669778220,+3.14,+21.364, +7.499,+0.960
1669778520,+3.14,+21.364, +7.482,+0.960
1669778820,+3.14,+21.355, +7.475,+0.959
1669779120,+3.14,+21.355, +7.467,+0.960
1669779420,+3.14,+21.330, +7.470,+0.960
1669779720,+3.14,+21.355, +7.453,+0.960
1669780020,+3.14,+21.322, +7.498,+0.960
1669780320,+3.14,+21.313, +7.501,+0.960
1669780620,+3.14,+21.313, +7.490,+0.960
1669780920,+3.14,+21.305, +7.516,+0.960
1669781220,+3.14,+21.288, +7.603,+0.959
1669781520,+3.14,+21.288, +7.603,+0.960
1669781820,+3.14,+21.288, +7.600,+0.960
1669782120,+3.14,+21.297, +7.596,+0.959
1669782420,+3.14,+21.305, +7.600,+0.960
1669782720,+3.14,+21.280, +7.589,+0.959
1669783020,+3.14,+21.288, +7.575,+0.959
1669783320,+3.14,+21.297, +7.574,+0.960
1669783620,+3.14,+21.297, +7.535,+0.960
1669783920,+3.14,+21.322, +7.527,+0.960
1669784220,+3.14,+21.322, +7.511,+0.960
1669784520,+3.14,+21.322, +7.491,+0.960
1669784820,+3.14,+21.313, +7.470,+0.960
1669785120,+3.14,+21.313, +7.484,+0.960
1669785420,+3.14,+21.322, +7.457,+0.960
1669785720,+3.14,+21.313, +7.453,+0.960
1669786020,+3.14,+21.322, +7.457,+0.960
1669786320,+3.14,+21.313, +7.453,+0.959
1669786620,+3.14,+21.288, +7.470,+0.959
1669786920,+3.14,+21.322, +7.454,+0.960
1669787220,+3.14,+21.313, +7.427,+0.959
1669787520,+3.14,+21.305, +7.431,+0.960
1669787820,+3.14,+21.322, +7.434,+0.960
1669788120,+3.14,+21.322, +7.458,+0.960
1669788420,+3.14,+21.330, +7.451,+0.960
1669788720,+3.14,+21.313, +7.440,+0.959
1669789020,+3.14,+21.313, +7.447,+0.959
1669789320,+3.14,+21.322, +7.445,+0.959
1669789620,+3.14,+21.313, +7.453,+0.960
1669789920,+3.14,+21.330, +7.447,+0.959
1669790220,+3.14,+21.313, +7.446,+0.959
1669790520,+3.14,+21.313, +7.459,+0.960
1669790820,+3.14,+21.288, +7.458,+0.960
1669791120,+3.14,+21.305, +7.454,+0.960
1669791420,+3.14,+21.288, +7.448,+0.960
1669791720,+3.14,+21.322, +7.436,+0.959
1669792020,+3.14,+21.297, +7.443,+0.960
1669792320,+3.14,+21.305, +7.433,+0.959
1669792620,+3.14,+21.313, +7.422,+0.959
1669792920,+3.14,+21.305, +7.437,+0.960
1669793220,+3.14,+21.280, +7.449,+0.960
1669793520,+3.14,+21.297, +7.427,+0.960
1669793820,+3.14,+21.288, +7.417,+0.959
1669794120,+3.14,+21.288, +7.409,+0.960
1669794420,+3.14,+21.288, +7.426,+0.960
1669794720,+3.14,+21.288, +7.431,+0.959
1669795020,+3.14,+21.297, +7.426,+0.959
1669795320,+3.14,+21.280, +7.432,+0.959
1669795620,+3.14,+21.263, +7.418,+0.960
1669795920,+3.14,+21.280, +7.432,+0.960
1669796220,+3.14,+21.280, +7.423,+0.960
1669796520,+3.14,+21.255, +7.427,+0.960
1669796820,+3.14,+21.272, +7.406,+0.959
1669797120,+3.14,+21.263, +7.410,+0.960
1669797420,+3.14,+21.263, +7.399,+0.959
1669797720,+3.14,+21.255, +7.396,+0.960
1669798020,+3.14,+21.263, +7.391,+0.960
1669798320,+3.14,+21.263, +7.394,+0.960
1669798620,+3.14,+21.255, +7.399,+0.960
1669798920,+3.14,+21.255, +7.367,+0.960
1669799220,+3.14,+21.255, +7.359,+0.960
1669799520,+3.14,+21.263, +7.362,+0.960
1669799820,+3.14,+21.247, +7.371,+0.960
1669800120,+3.14,+21.288, +7.388,+0.960
1669800420,+3.14,+21.247, +7.381,+0.959
1669800720,+3.14,+21.247, +7.372,+0.959
1669801020,+3.14,+21.247, +7.374,+0.959
1669801320,+3.14,+21.263, +7.378,+0.959
1669801620,+3.14,+21.247, +7.374,+0.959
1669801920,+3.14,+21.247, +7.385,+0.960
1669802220,+3.14,+21.247, +7.381,+0.960
1669802520,+3.14,+21.255, +7.378,+0.960
1669802820,+3.14,+21.255, +7.355,+0.959
1669803120,+3.14,+21.255, +7.367,+0.960
1669803420,+3.14,+21.247, +7.370,+0.960
1669803720,+3.14,+21.255, +7.363,+0.960
1669804020,+3.14,+21.255, +7.367,+0.959
1669804320,+3.14,+21.255, +7.380,+0.960
1669804620,+3.14,+21.255, +7.366,+0.960
1669804920,+3.14,+21.255, +7.375,+0.960
1669805220,+3.14,+21.263, +7.378,+0.959
1669805520,+3.14,+21.238, +7.384,+0.959
1669805820,+3.14,+21.263, +7.395,+0.960
1669806120,+3.14,+21.280, +7.402,+0.960
1669806420,+3.14,+21.297, +7.401,+0.960
1669806720,+3.14,+21.272, +7.401,+0.960
1669807020,+3.14,+21.288, +7.404,+0.959
1669807320,+3.14,+21.297, +7.409,+0.959
1669807620,+3.14,+21.297, +7.404,+0.959
1669807920,+3.14,+21.288, +7.415,+0.960
1669808220,+3.14,+21.305, +7.409,+0.960
1669808520,+3.14,+21.322, +7.415,+0.959
1669808820,+3.14,+21.322, +7.427,+0.959
1669809120,+3.14,+21.313, +7.425,+0.959
1669809420,+3.14,+21.339, +7.438,+0.959
1669809720,+3.14,+21.347, +7.432,+0.959
1669810020,+3.14,+21.330, +7.428,+0.959
1669810320,+3.14,+21.330, +7.435,+0.960
1669810620,+3.14,+21.339, +7.442,+0.960
1669810920,+3.14,+21.355, +7.445,+0.960
1669811220,+3.14,+21.322, +7.455,+0.960
1669811520,+3.14,+21.347, +7.428,+0.960
1669811820,+3.14,+21.364, +7.404,+0.959
1669812120,+3.14,+21.372, +7.408,+0.959
1669812420,+3.14,+21.405, +7.420,+0.960
1669812720,+3.14,+21.447, +7.448,+0.960
1669813020,+3.14,+21.472, +7.422,+0.960
1669813320,+3.14,+21.489, +7.451,+0.959
1669813620,+3.14,+21.489, +7.467,+0.960
1669813920,+3.14,+21.472, +7.473,+0.960
1669814220,+3.14,+21.464, +7.489,+0.959
1669814520,+3.14,+21.514, +7.485,+0.960
1669814820,+3.14,+21.539, +7.495,+0.960
1669815120,+3.14,+21.556, +7.500,+0.959
1669815420,+3.14,+21.556, +7.527,+0.960
1669815720,+3.14,+21.556, +7.516,+0.959
1669816020,+3.14,+21.548, +7.533,+0.960
1669816320,+3.14,+21.564, +7.518,+0.959
1669816620,+3.14,+21.564, +7.522,+0.960
1669816920,+3.14,+21.598, +7.520,+0.959
1669817220,+3.14,+21.640, +7.527,+0.960
1669817520,+3.14,+21.673, +7.527,+0.960
1669817820,+3.14,+21.614, +7.518,+0.959
1669818120,+3.14,+21.564, +7.520,+0.959
1669818420,+3.14,+21.522, +7.522,+0.959
1669818720,+3.14,+21.464, +7.537,+0.959
1669819020,+3.14,+21.497, +7.551,+0.960
1669819320,+3.14,+21.556, +7.559,+0.960
1669819620,+3.14,+21.640, +7.553,+0.960
1669819920,+3.14,+21.606, +7.538,+0.959
1669820220,+3.14,+21.556, +7.541,+0.960
1669820520,+3.14,+21.506, +7.535,+0.959
1669820820,+3.14,+21.489, +7.527,+0.960
1669821120,+3.14,+21.497, +7.543,+0.959
1669821420,+3.14,+21.522, +7.551,+0.960
1669821720,+3.14,+21.522, +7.565,+0.960
1669822020,+3.14,+21.531, +7.563,+0.960
1669822320,+3.14,+21.548, +7.554,+0.960
1669822620,+3.14,+21.539, +7.558,+0.959
1669822920,+3.14,+21.539, +7.561,+0.959
1669823220,+3.14,+21.556, +7.556,+0.959
1669823520,+3.14,+21.573, +7.564,+0.960
1669823820,+3.14,+21.573, +7.561,+0.959
1669824120,+3.14,+21.556, +7.578,+0.960
1669824420,+3.14,+21.564, +7.576,+0.960
1669824720,+3.14,+21.581, +7.583,+0.960
1669825020,+3.14,+21.581, +7.583,+0.960
