7450-018958
OS REV: 1.05 Sensor Cal: 1661958677
Time (sec),  BV (Volts),  T (deg C),  DO (mg/l),  Q ()
1670518920,+3.13,+26.323, +8.101,+0.962
1670519220,+3.13,+26.281, +8.078,+0.962
1670519520,+3.13,+26.374, +8.070,+0.961
1670519820,+3.13,+26.348, +8.093,+0.962
1670520120,+3.13,+26.365, +8.166,+0.962
1670520420,+3.13,+26.484, +8.113,+0.961
1670520720,+3.13,+26.425, +8.100,+0.961
1670521020,+3.13,+26.323, +8.092,+0.961
1670521320,+3.13,+26.323, +8.087,+0.961
1670521620,+3.13,+26.272, +8.067,+0.961
1670521920,+3.13,+26.298, +8.087,+0.961
1670522220,+3.13,+26.323, +8.071,+0.961
1670522520,+3.13,+26.348, +8.092,+0.961
1670522820,+3.13,+26.433, +8.092,+0.961
1670523120,+3.13,+26.416, +8.102,+0.962
1670523420,+3.13,+26.365, +8.113,+0.962
1670523720,+3.13,+26.331, +8.066,+0.961
1670524020,+3.13,+26.340, +8.094,+0.962
1670524320,+3.13,+26.374, +8.096,+0.962
1670524620,+3.13,+26.391, +8.072,+0.961
1670524920,+3.13,+26.416, +8.117,+0.961
1670525220,+3.13,+26.348, +8.068,+0.962
1670525520,+3.13,+26.331, +8.068,+0.961
1670525820,+3.13,+26.331, +8.054,+0.961
1670526120,+3.13,+26.331, +8.069,+0.962
1670526420,+3.13,+26.340, +8.057,+0.962
1670526720,+3.13,+26.340, +8.061,+0.961
1670527020,+3.13,+26.382, +8.042,+0.962
1670527320,+3.13,+26.433, +8.012,+0.962
1670527620,+3.13,+26.450, +8.004,+0.961
1670527920,+3.13,+26.458, +8.010,+0.962
1670528220,+3.13,+26.551, +7.988,+0.962
1670528520,+3.13,+26.619, +7.964,+0.961
1670528820,+3.13,+26.653, +7.960,+0.962
1670529120,+3.13,+26.636, +7.979,+0.962
1670529420,+3.13,+26.662, +7.967,+0.961
1670529720,+3.13,+26.670, +7.981,+0.962
1670530020,+3.13,+26.670, +7.969,+0.962
1670530320,+3.13,+26.662, +7.961,+0.961
1670530620,+3.13,+26.628, +7.975,+0.962
1670530920,+3.13,+26.628, +7.980,+0.962
1670531220,+3.13,+26.645, +7.945,+0.962
1670531520,+3.13,+26.678, +7.911,+0.961
1670531820,+3.13,+26.687, +7.911,+0.961
1670532120,+3.13,+26.687, +7.910,+0.962
1670532420,+3.13,+26.738, +7.872,+0.961
1670532720,+3.13,+26.729, +7.883,+0.961
1670533020,+3.13,+26.695, +7.902,+0.961
1670533320,+3.13,+26.678, +7.904,+0.961
1670533620,+3.13,+26.695, +7.900,+0.962
1670533920,+3.13,+26.670, +7.902,+0.962
1670534220,+3.13,+26.662, +7.910,+0.962
1670534520,+3.13,+26.662, +7.909,+0.962
1670534820,+3.13,+26.653, +7.864,+0.961
1670535120,+3.13,+26.602, +7.884,+0.961
1670535420,+3.13,+26.619, +7.904,+0.963
1670535720,+3.13,+26.602, +7.911,+0.962
1670536020,+3.13,+26.602, +7.899,+0.961
1670536320,+3.13,+26.594, +7.898,+0.962
1670536620,+3.13,+26.602, +7.891,+0.961
1670536920,+3.13,+26.594, +7.894,+0.962
1670537220,+3.13,+26.594, +7.902,+0.962
1670537520,+3.13,+26.551, +7.842,+0.962
1670537820,+3.13,+26.535, +7.857,+0.961
1670538120,+3.13,+26.509, +7.811,+0.961
1670538420,+3.13,+26.501, +7.895,+0.961
1670538720,+3.13,+26.509, +7.814,+0.961
1670539020,+3.13,+26.492, +7.874,+0.961
1670539320,+3.13,+26.501, +7.917,+0.962
1670539620,+3.13,+26.484, +7.938,+0.962
1670539920,+3.13,+26.492, +7.958,+0.962
1670540220,+3.13,+26.518, +7.916,+0.962
1670540520,+3.13,+26.475, +7.946,+0.962
1670540820,+3.13,+26.450, +7.928,+0.961
1670541120,+3.13,+26.441, +7.947,+0.962
1670541420,+3.13,+26.433, +7.936,+0.962
1670541720,+3.13,+26.433, +7.944,+0.961
1670542020,+3.13,+26.408, +7.922,+0.961
1670542320,+3.13,+26.399, +7.936,+0.962
1670542620,+3.13,+26.382, +7.969,+0.962
1670542920,+3.13,+26.374, +7.942,+0.961
1670543220,+3.13,+26.365, +7.936,+0.962
1670543520,+3.13,+26.348, +7.919,+0.962
1670543820,+3.13,+26.315, +7.947,+0.962
1670544120,+3.13,+26.323, +7.992,+0.962
1670544420,+3.13,+26.331, +7.957,+0.962
1670544720,+3.13,+26.306, +8.000,+0.962
1670545020,+3.13,+26.272, +7.994,+0.961
1670545320,+3.13,+26.272, +7.989,+0.962
1670545620,+3.13,+26.264, +7.981,+0.962
1670545920,+3.13,+26.255, +7.994,+0.962
1670546220,+3.13,+26.247, +7.962,+0.962
1670546520,+3.13,+26.238, +7.985,+0.962
1670546820,+3.13,+26.205, +7.996,+0.962
1670547120,+3.13,+26.222, +7.989,+0.962
1670547420,+3.13,+26.196, +8.010,+0.962
1670547720,+3.13,+26.179, +8.025,+0.962
1670548020,+3.13,+26.179, +8.017,+0.961
1670548320,+3.13,+26.162, +8.022,+0.962
1670548620,+3.13,+26.137, +8.019,+0.962
1670548920,+3.13,+26.120, +8.026,+0.962
1670549220,+3.13,+26.112, +8.035,+0.962
1670549520,+3.13,+26.112, +8.034,+0.962
1670549820,+3.13,+26.112, +8.036,+0.962
1670550120,+3.13,+26.086, +8.011,+0.962
1670550420,+3.13,+26.069, +8.027,+0.962
1670550720,+3.13,+26.078, +8.030,+0.961
1670551020,+3.13,+26.069, +8.026,+0.962
1670551320,+3.13,+26.061, +8.033,+0.962
1670551620,+3.13,+26.044, +8.049,+0.962
1670551920,+3.13,+26.044, +8.036,+0.962
1670552220,+3.13,+26.027, +8.044,+0.962
1670552520,+3.13,+26.044, +8.040,+0.961
1670552820,+3.13,+26.027, +8.043,+0.962
1670553120,+3.13,+26.027, +8.024,+0.962
1670553420,+3.13,+26.019, +8.032,+0.962
1670553720,+3.13,+26.010, +8.048,+0.962
1670554020,+3.13,+26.010, +8.047,+0.962
1670554320,+3.13,+25.993, +8.030,+0.961
1670554620,+3.13,+25.993, +8.076,+0.962
1670554920,+3.13,+25.977, +8.047,+0.962
1670555220,+3.13,+25.977, +8.053,+0.962
1670555520,+3.13,+25.977, +8.075,+0.962
1670555820,+3.13,+25.960, +8.082,+0.962
1670556120,+3.13,+25.968, +8.078,+0.962
1670556420,+3.13,+25.951, +8.078,+0.962
1670556720,+3.13,+25.943, +8.055,+0.962
1670557020,+3.13,+25.943, +8.066,+0.961
1670557320,+3.13,+25.951, +8.033,+0.962
1670557620,+3.13,+25.926, +8.044,+0.962
1670557920,+3.13,+25.926, +8.056,+0.962
1670558220,+3.13,+25.934, +8.043,+0.962
1670558520,+3.13,+25.926, +8.005,+0.962
1670558820,+3.13,+25.909, +8.035,+0.962
1670559120,+3.13,+25.901, +8.045,+0.962
1670559420,+3.13,+25.926, +8.024,+0.962
1670559720,+3.13,+25.909, +7.986,+0.962
1670560020,+3.13,+25.901, +8.004,+0.962
1670560320,+3.13,+25.892, +8.014,+0.962
1670560620,+3.13,+25.892, +7.993,+0.961
1670560920,+3.13,+25.901, +7.942,+0.962
1670561220,+3.13,+25.892, +8.014,+0.963
1670561520,+3.13,+25.892, +7.996,+0.962
1670561820,+3.13,+25.901, +7.986,+0.962
1670562120,+3.13,+25.875, +7.974,+0.962
1670562420,+3.13,+25.875, +7.962,+0.962
1670562720,+3.13,+25.901, +7.967,+0.962
1670563020,+3.13,+25.884, +7.961,+0.962
1670563320,+3.13,+25.884, +7.958,+0.962
1670563620,+3.13,+25.875, +7.965,+0.963
1670563920,+3.13,+25.875, +7.948,+0.962
1670564220,+3.13,+25.875, +7.969,+0.962
1670564520,+3.13,+25.867, +7.951,+0.962
1670564820,+3.13,+25.858, +7.934,+0.962
1670565120,+3.13,+25.867, +7.932,+0.962
1670565420,+3.13,+25.875, +7.933,+0.962
1670565720,+3.13,+25.858, +7.907,+0.962
1670566020,+3.13,+25.858, +7.912,+0.962
1670566320,+3.13,+25.833, +7.898,+0.962
1670566620,+3.13,+25.858, +7.889,+0.961
1670566920,+3.13,+25.858, +7.886,+0.961
1670567220,+3.13,+25.842, +7.891,+0.962
1670567520,+3.13,+25.858, +7.889,+0.962
1670567820,+3.13,+25.833, +7.887,+0.962
1670568120,+3.13,+25.833, +7.857,+0.962
1670568420,+3.13,+25.833, +7.875,+0.961
1670568720,+3.13,+25.816, +7.895,+0.962
1670569020,+3.13,+25.825, +7.887,+0.962
1670569320,+3.13,+25.816, +7.878,+0.962
1670569620,+3.13,+25.833, +7.857,+0.961
1670569920,+3.13,+25.816, +7.851,+0.962
1670570220,+3.13,+25.799, +7.861,+0.962
1670570520,+3.13,+25.825, +7.857,+0.962
1670570820,+3.13,+25.816, +7.859,+0.962
1670571120,+3.13,+25.816, +7.867,+0.962
1670571420,+3.13,+25.825, +7.847,+0.962
1670571720,+3.13,+25.799, +7.874,+0.962
1670572020,+3.13,+25.808, +7.865,+0.962
1670572320,+3.13,+25.799, +7.860,+0.963
1670572620,+3.13,+25.799, +7.846,+0.962
1670572920,+3.13,+25.799, +7.837,+0.962
1670573220,+3.13,+25.799, +7.846,+0.961
1670573520,+3.13,+25.782, +7.835,+0.962
1670573820,+3.13,+25.791, +7.816,+0.962
1670574120,+3.13,+25.782, +7.797,+0.962
1670574420,+3.13,+25.782, +7.822,+0.962
1670574720,+3.13,+25.766, +7.823,+0.962
1670575020,+3.13,+25.774, +7.817,+0.962
1670575320,+3.13,+25.757, +7.825,+0.962
1670575620,+3.13,+25.757, +7.815,+0.962
1670575920,+3.13,+25.766, +7.789,+0.962
1670576220,+3.13,+25.749, +7.810,+0.962
1670576520,+3.13,+25.749, +7.785,+0.962
1670576820,+3.13,+25.740, +7.771,+0.962
1670577120,+3.13,+25.740, +7.774,+0.962
1670577420,+3.13,+25.715, +7.758,+0.961
1670577720,+3.13,+25.749, +7.744,+0.962
1670578020,+3.13,+25.732, +7.782,+0.962
1670578320,+3.13,+25.732, +7.743,+0.962
1670578620,+3.13,+25.732, +7.770,+0.962
1670578920,+3.13,+25.749, +7.787,+0.962
1670579220,+3.13,+25.732, +7.802,+0.962
1670579520,+3.13,+25.715, +7.790,+0.962
1670579820,+3.13,+25.740, +7.792,+0.962
1670580120,+3.13,+25.723, +7.758,+0.962
1670580420,+3.13,+25.732, +7.785,+0.961
1670580720,+3.13,+25.732, +7.800,+0.962
1670581020,+3.13,+25.715, +7.811,+0.962
1670581320,+3.13,+25.732, +7.788,+0.961
1670581620,+3.13,+25.749, +7.781,+0.962
1670581920,+3.13,+25.732, +7.792,+0.962
1670582220,+3.13,+25.749, +7.771,+0.962
1670582520,+3.13,+25.740, +7.775,+0.962
1670582820,+3.13,+25.740, +7.762,+0.961
1670583120,+3.13,+25.732, +7.776,+0.962
1670583420,+3.13,+25.749, +7.789,+0.962
1670583720,+3.13,+25.757, +7.801,+0.962
1670584020,+3.13,+25.749, +7.786,+0.962
1670584320,+3.13,+25.808, +7.750,+0.961
1670584620,+3.13,+25.825, +7.745,+0.962
1670584920,+3.13,+25.842, +7.785,+0.962
1670585220,+3.13,+25.926, +7.801,+0.962
1670585520,+3.13,+25.951, +7.823,+0.962
1670585820,+3.13,+26.044, +6.492,+0.961
1670586120,+3.13,+26.137, +7.601,+0.962
1670586420,+3.13,+26.188, +7.821,+0.962
1670586720,+3.13,+26.230, +7.897,+0.962
1670587020,+3.13,+26.264, +7.892,+0.961
1670587320,+3.13,+26.272, +7.966,+0.962
1670587620,+3.13,+26.348, +8.018,+0.962
1670587920,+3.13,+26.365, +8.052,+0.962
1670588220,+3.13,+26.416, +8.043,+0.962
1670588520,+3.13,+26.467, +8.034,+0.962
1670588820,+3.13,+26.492, +8.031,+0.961
1670589120,+3.13,+26.501, +8.034,+0.962
1670589420,+3.13,+26.509, +8.032,+0.961
1670589720,+3.13,+26.551, +8.044,+0.962
1670590020,+3.13,+26.585, +8.051,+0.962
1670590320,+3.13,+26.619, +8.051,+0.961
1670590620,+3.13,+26.628, +8.065,+0.962
1670590920,+3.13,+26.653, +8.060,+0.962
1670591220,+3.13,+26.704, +8.089,+0.962
1670591520,+3.13,+26.729, +8.084,+0.962
1670591820,+3.13,+26.738, +8.090,+0.962
1670592120,+3.13,+26.789, +8.105,+0.962
1670592420,+3.13,+26.797, +8.114,+0.962
1670592720,+3.13,+26.882, +8.113,+0.962
1670593020,+3.13,+26.899, +8.106,+0.962
1670593320,+3.13,+26.890, +8.101,+0.962
1670593620,+3.13,+26.899, +8.098,+0.962
1670593920,+3.13,+26.916, +8.081,+0.962
1670594220,+3.13,+26.907, +8.081,+0.963
1670594520,+3.13,+26.907, +8.068,+0.961
1670594820,+3.13,+26.916, +8.084,+0.962
1670595120,+3.13,+26.924, +8.077,+0.961
1670595420,+3.13,+26.975, +8.087,+0.962
1670595720,+3.13,+26.992, +8.086,+0.962
1670596020,+3.13,+27.001, +8.102,+0.963
1670596320,+3.13,+26.992, +8.081,+0.962
1670596620,+3.13,+27.018, +8.084,+0.962
1670596920,+3.13,+27.060, +8.088,+0.962
1670597220,+3.13,+27.111, +8.086,+0.962
1670597520,+3.13,+27.128, +8.087,+0.962
1670597820,+3.13,+27.238, +8.088,+0.962
1670598120,+3.13,+27.298, +8.069,+0.962
1670598420,+3.12,+27.374, +8.056,+0.962
1670598720,+3.12,+27.459, +8.032,+0.962
1670599020,+3.12,+27.502, +8.028,+0.962
1670599320,+3.13,+27.536, +8.024,+0.962
1670599620,+3.13,+27.587, +8.025,+0.963
1670599920,+3.13,+27.561, +8.028,+0.962
1670600220,+3.13,+27.638, +8.001,+0.962
1670600520,+3.13,+27.664, +8.020,+0.962
1670600820,+3.13,+27.740, +8.012,+0.962
1670601120,+3.13,+27.817, +7.975,+0.962
1670601420,+3.13,+27.851, +7.970,+0.962
1670601720,+3.13,+27.800, +7.978,+0.963
1670602020,+3.13,+27.783, +7.984,+0.962
1670602320,+3.13,+27.783, +7.999,+0.962
1670602620,+3.13,+27.800, +7.983,+0.962
1670602920,+3.13,+27.800, +7.984,+0.961
1670603220,+3.13,+27.834, +8.003,+0.963
1670603520,+3.13,+27.842, +7.980,+0.962
1670603820,+3.13,+27.868, +7.960,+0.962
1670604120,+3.13,+27.851, +7.960,+0.962
1670604420,+3.13,+27.902, +7.939,+0.962
1670604720,+3.13,+27.919, +7.922,+0.962
1670605020,+3.13,+27.928, +7.896,+0.962
1670605320,+3.13,+27.911, +7.906,+0.962
