7450-018958
OS REV: 1.05 Sensor Cal: 1661958677
Time (sec),  BV (Volts),  T (deg C),  DO (mg/l),  Q ()
1668270060,+3.15,+23.212, +8.237,+0.959
1668270360,+3.16,+23.296, +8.233,+0.959
1668270660,+3.16,+23.271, +8.229,+0.959
1668270960,+3.16,+23.338, +8.247,+0.959
1668271260,+3.16,+23.405, +8.250,+0.959
1668271560,+3.16,+23.338, +8.219,+0.959
1668271860,+3.16,+23.329, +8.268,+0.959
1668272160,+3.16,+23.346, +8.235,+0.959
1668272460,+3.16,+23.363, +8.222,+0.959
1668272760,+3.16,+23.396, +8.215,+0.959
1668273060,+3.16,+23.421, +8.229,+0.959
1668273360,+3.16,+23.472, +8.221,+0.959
1668273660,+3.16,+23.472, +8.225,+0.959
1668273960,+3.16,+23.530, +8.221,+0.959
1668274260,+3.16,+23.547, +8.235,+0.959
1668274560,+3.16,+23.522, +8.218,+0.958
1668274860,+3.16,+23.547, +8.224,+0.959
1668275160,+3.16,+23.564, +8.221,+0.959
1668275460,+3.16,+23.555, +8.220,+0.959
1668275760,+3.16,+23.547, +8.218,+0.958
1668276060,+3.16,+23.539, +8.229,+0.959
1668276360,+3.16,+23.522, +8.232,+0.959
1668276660,+3.16,+23.488, +8.242,+0.959
1668276960,+3.16,+23.505, +8.237,+0.959
1668277260,+3.16,+23.488, +8.236,+0.959
1668277560,+3.16,+23.522, +8.255,+0.959
1668277860,+3.16,+23.555, +8.247,+0.959
1668278160,+3.16,+23.555, +8.249,+0.959
1668278460,+3.16,+23.606, +8.256,+0.959
1668278760,+3.16,+23.597, +8.252,+0.959
1668279060,+3.16,+23.539, +8.252,+0.959
1668279360,+3.16,+23.430, +8.256,+0.959
1668279660,+3.16,+23.388, +8.276,+0.959
1668279960,+3.16,+23.430, +8.271,+0.959
1668280260,+3.16,+23.447, +8.279,+0.959
1668280560,+3.16,+23.380, +8.274,+0.959
1668280860,+3.16,+23.321, +8.271,+0.959
1668281160,+3.15,+23.237, +8.256,+0.959
1668281460,+3.15,+22.986, +8.310,+0.959
1668281760,+3.16,+22.769, +8.299,+0.958
1668282060,+3.16,+22.559, +8.353,+0.959
1668282360,+3.16,+22.400, +8.739,+0.958
1668282660,+3.15,+22.041, +8.590,+0.959
1668282960,+3.15,+21.832, +8.498,+0.959
1668283260,+3.16,+21.765, +8.467,+0.959
1668283560,+3.16,+21.706, +8.479,+0.959
1668283860,+3.16,+21.556, +8.398,+0.959
1668284160,+3.16,+21.447, +8.266,+0.959
1668284460,+3.16,+21.389, +8.221,+0.959
1668284760,+3.16,+21.347, +8.207,+0.959
1668285060,+3.16,+21.330, +8.281,+0.959
1668285360,+3.16,+21.322, +8.344,+0.959
1668285660,+3.16,+21.322, +8.486,+0.959
1668285960,+3.16,+21.313, +8.381,+0.959
1668286260,+3.16,+21.297, +8.459,+0.959
1668286560,+3.16,+21.255, +8.475,+0.959
1668286860,+3.16,+21.230, +8.482,+0.959
1668287160,+3.16,+21.213, +8.481,+0.959
1668287460,+3.16,+21.180, +8.543,+0.959
1668287760,+3.16,+21.196, +8.506,+0.959
1668288060,+3.16,+21.205, +8.491,+0.959
1668288360,+3.16,+21.188, +8.552,+0.959
1668288660,+3.16,+21.163, +8.591,+0.959
1668288960,+3.16,+21.146, +8.599,+0.959
1668289260,+3.16,+21.121, +8.615,+0.959
1668289560,+3.16,+21.155, +8.597,+0.959
1668289860,+3.16,+21.146, +8.601,+0.959
1668290160,+3.16,+21.130, +8.606,+0.959
1668290460,+3.16,+21.121, +8.619,+0.960
1668290760,+3.16,+21.146, +8.600,+0.959
1668291060,+3.16,+21.146, +8.573,+0.959
1668291360,+3.16,+21.155, +8.582,+0.959
1668291660,+3.16,+21.121, +8.599,+0.959
1668291960,+3.16,+21.263, +8.542,+0.960
1668292260,+3.16,+21.397, +8.476,+0.959
1668292560,+3.16,+21.472, +8.462,+0.960
1668292860,+3.16,+21.506, +8.456,+0.960
1668293160,+3.16,+21.573, +8.431,+0.959
1668293460,+3.16,+21.598, +8.416,+0.959
1668293760,+3.16,+21.631, +8.425,+0.960
1668294060,+3.16,+21.614, +8.427,+0.959
1668294360,+3.16,+21.623, +8.411,+0.959
1668294660,+3.16,+21.598, +8.416,+0.959
1668294960,+3.16,+21.589, +8.424,+0.959
1668295260,+3.16,+21.598, +8.418,+0.959
1668295560,+3.16,+21.506, +8.418,+0.959
1668295860,+3.16,+21.497, +8.413,+0.959
1668296160,+3.16,+21.514, +8.412,+0.959
1668296460,+3.16,+21.531, +8.415,+0.959
1668296760,+3.16,+21.514, +8.416,+0.959
1668297060,+3.16,+21.522, +8.424,+0.960
1668297360,+3.16,+21.489, +8.418,+0.959
1668297660,+3.16,+21.497, +8.409,+0.959
1668297960,+3.16,+21.472, +8.424,+0.959
1668298260,+3.16,+21.464, +8.424,+0.959
1668298560,+3.16,+21.464, +8.398,+0.959
1668298860,+3.16,+21.489, +8.392,+0.959
1668299160,+3.16,+21.489, +8.393,+0.959
1668299460,+3.16,+21.497, +8.378,+0.959
1668299760,+3.16,+21.506, +8.372,+0.959
1668300060,+3.16,+21.514, +8.371,+0.959
1668300360,+3.16,+21.514, +8.369,+0.959
1668300660,+3.16,+21.514, +8.358,+0.959
1668300960,+3.16,+21.514, +8.356,+0.959
1668301260,+3.16,+21.489, +8.358,+0.959
1668301560,+3.16,+21.489, +8.365,+0.959
1668301860,+3.16,+21.447, +8.366,+0.959
1668302160,+3.16,+21.472, +8.364,+0.959
1668302460,+3.16,+21.472, +8.359,+0.959
1668302760,+3.16,+21.456, +8.360,+0.959
1668303060,+3.16,+21.456, +8.352,+0.959
1668303360,+3.16,+21.447, +8.363,+0.959
1668303660,+3.16,+21.431, +8.355,+0.959
1668303960,+3.16,+21.422, +8.350,+0.959
1668304260,+3.16,+21.439, +8.349,+0.959
1668304560,+3.16,+21.422, +8.354,+0.959
1668304860,+3.16,+21.397, +8.363,+0.959
1668305160,+3.16,+21.397, +8.357,+0.959
1668305460,+3.16,+21.380, +8.352,+0.959
1668305760,+3.16,+21.389, +8.348,+0.959
1668306060,+3.16,+21.372, +8.351,+0.959
1668306360,+3.16,+21.372, +8.340,+0.959
1668306660,+3.16,+21.339, +8.353,+0.959
1668306960,+3.16,+21.347, +8.336,+0.959
1668307260,+3.16,+21.339, +8.341,+0.959
1668307560,+3.16,+21.347, +8.329,+0.959
1668307860,+3.16,+21.288, +8.351,+0.958
1668308160,+3.16,+21.288, +8.335,+0.959
1668308460,+3.16,+21.263, +8.349,+0.959
1668308760,+3.16,+21.230, +8.376,+0.959
1668309060,+3.16,+21.263, +8.344,+0.959
1668309360,+3.16,+21.255, +8.395,+0.959
1668309660,+3.16,+21.138, +8.473,+0.959
1668309960,+3.16,+21.130, +8.436,+0.959
1668310260,+3.16,+21.146, +8.425,+0.959
1668310560,+3.16,+21.130, +8.421,+0.959
1668310860,+3.16,+21.130, +8.398,+0.959
1668311160,+3.16,+21.146, +8.393,+0.959
1668311460,+3.16,+21.180, +8.369,+0.959
1668311760,+3.16,+21.188, +8.359,+0.959
1668312060,+3.16,+21.205, +8.355,+0.959
1668312360,+3.16,+21.213, +8.353,+0.959
1668312660,+3.16,+21.196, +8.349,+0.958
1668312960,+3.16,+21.205, +8.365,+0.960
1668313260,+3.16,+21.171, +8.361,+0.959
1668313560,+3.16,+21.171, +8.345,+0.958
1668313860,+3.16,+21.171, +8.329,+0.958
1668314160,+3.16,+21.171, +8.337,+0.959
1668314460,+3.16,+21.138, +8.342,+0.959
1668314760,+3.16,+21.155, +8.346,+0.959
1668315060,+3.16,+21.155, +8.325,+0.959
1668315360,+3.16,+21.146, +8.318,+0.959
1668315660,+3.16,+21.130, +8.320,+0.959
1668315960,+3.16,+21.138, +8.309,+0.959
1668316260,+3.16,+21.138, +8.307,+0.959
1668316560,+3.16,+21.138, +8.300,+0.959
1668316860,+3.16,+21.146, +8.306,+0.959
1668317160,+3.16,+21.146, +8.282,+0.959
1668317460,+3.16,+21.155, +8.276,+0.959
1668317760,+3.16,+21.163, +8.278,+0.959
1668318060,+3.16,+21.196, +8.247,+0.959
1668318360,+3.16,+21.163, +8.264,+0.958
1668318660,+3.16,+21.188, +8.250,+0.959
1668318960,+3.16,+21.163, +8.268,+0.959
1668319260,+3.16,+21.155, +8.291,+0.959
1668319560,+3.16,+21.163, +8.278,+0.960
1668319860,+3.16,+21.180, +8.243,+0.959
1668320160,+3.16,+21.155, +8.274,+0.959
1668320460,+3.16,+21.138, +8.271,+0.959
1668320760,+3.16,+21.146, +8.259,+0.959
1668321060,+3.16,+21.155, +8.248,+0.958
1668321360,+3.16,+21.138, +8.244,+0.959
1668321660,+3.16,+21.121, +8.236,+0.959
1668321960,+3.16,+21.121, +8.228,+0.959
1668322260,+3.15,+21.096, +8.222,+0.959
1668322560,+3.15,+21.088, +8.220,+0.959
1668322860,+3.15,+21.071, +8.224,+0.959
1668323160,+3.15,+21.079, +8.206,+0.959
1668323460,+3.15,+21.071, +8.203,+0.959
1668323760,+3.15,+21.063, +8.204,+0.959
1668324060,+3.15,+21.063, +8.199,+0.959
1668324360,+3.15,+21.046, +8.188,+0.959
1668324660,+3.15,+21.038, +8.194,+0.959
1668324960,+3.15,+21.038, +8.188,+0.959
1668325260,+3.15,+21.029, +8.178,+0.959
1668325560,+3.15,+21.021, +8.183,+0.959
1668325860,+3.15,+21.012, +8.202,+0.959
1668326160,+3.15,+20.996, +8.206,+0.959
1668326460,+3.15,+20.971, +8.208,+0.959
1668326760,+3.15,+20.954, +8.209,+0.959
1668327060,+3.15,+20.929, +8.218,+0.959
1668327360,+3.15,+20.946, +8.225,+0.959
1668327660,+3.15,+20.920, +8.222,+0.959
1668327960,+3.15,+20.937, +8.230,+0.959
1668328260,+3.15,+20.929, +8.225,+0.959
1668328560,+3.15,+20.920, +8.222,+0.959
1668328860,+3.15,+20.920, +8.202,+0.959
1668329160,+3.15,+20.929, +8.182,+0.959
1668329460,+3.15,+20.904, +8.199,+0.959
1668329760,+3.15,+20.904, +8.206,+0.959
1668330060,+3.15,+20.904, +8.166,+0.958
1668330360,+3.15,+20.879, +8.178,+0.959
1668330660,+3.15,+20.879, +8.186,+0.959
1668330960,+3.15,+20.879, +8.192,+0.959
1668331260,+3.15,+20.879, +8.197,+0.959
1668331560,+3.15,+20.870, +8.211,+0.959
1668331860,+3.15,+20.870, +8.217,+0.959
1668332160,+3.15,+20.879, +8.215,+0.959
1668332460,+3.15,+20.862, +8.198,+0.959
1668332760,+3.15,+20.862, +8.208,+0.959
1668333060,+3.15,+20.862, +8.221,+0.959
1668333360,+3.15,+20.854, +8.216,+0.959
1668333660,+3.15,+20.854, +8.181,+0.959
1668333960,+3.15,+20.854, +8.194,+0.959
1668334260,+3.15,+20.854, +8.209,+0.959
1668334560,+3.15,+20.870, +8.221,+0.959
1668334860,+3.15,+20.879, +8.213,+0.959
1668335160,+3.15,+20.870, +8.233,+0.959
1668335460,+3.15,+20.879, +8.222,+0.959
1668335760,+3.15,+20.862, +8.227,+0.959
1668336060,+3.15,+20.870, +8.238,+0.959
1668336360,+3.15,+20.879, +8.237,+0.959
1668336660,+3.15,+20.879, +8.239,+0.959
1668336960,+3.15,+20.879, +8.240,+0.958
1668337260,+3.15,+20.887, +8.246,+0.959
1668337560,+3.15,+20.879, +8.257,+0.959
1668337860,+3.15,+20.879, +8.277,+0.959
1668338160,+3.15,+20.887, +8.277,+0.959
1668338460,+3.15,+20.887, +8.237,+0.958
1668338760,+3.15,+20.895, +8.232,+0.959
1668339060,+3.15,+20.879, +8.277,+0.958
1668339360,+3.15,+20.895, +8.234,+0.958
1668339660,+3.15,+20.895, +8.202,+0.959
1668339960,+3.15,+20.954, +8.190,+0.958
1668340260,+3.15,+20.979, +8.175,+0.959
1668340560,+3.15,+20.979, +8.211,+0.959
1668340860,+3.15,+20.996, +8.193,+0.959
1668341160,+3.15,+21.004, +8.188,+0.959
1668341460,+3.15,+21.021, +8.194,+0.959
1668341760,+3.15,+21.071, +8.130,+0.959
1668342060,+3.15,+21.029, +8.206,+0.959
1668342360,+3.15,+21.021, +8.277,+0.959
1668342660,+3.15,+21.021, +8.263,+0.958
1668342960,+3.15,+20.987, +8.335,+0.959
1668343260,+3.15,+21.021, +8.308,+0.959
1668343560,+3.15,+20.987, +8.372,+0.959
1668343860,+3.15,+20.962, +8.397,+0.959
1668344160,+3.15,+20.962, +8.396,+0.959
1668344460,+3.15,+20.946, +8.415,+0.959
1668344760,+3.15,+20.962, +8.365,+0.959
1668345060,+3.15,+21.029, +8.363,+0.959
1668345360,+3.15,+21.012, +8.409,+0.959
1668345660,+3.15,+21.088, +8.366,+0.959
1668345960,+3.15,+21.079, +8.417,+0.959
1668346260,+3.16,+21.188, +8.362,+0.959
1668346560,+3.16,+21.213, +8.345,+0.959
1668346860,+3.16,+21.489, +8.202,+0.959
1668347160,+3.16,+21.506, +8.184,+0.959
1668347460,+3.16,+21.389, +8.268,+0.959
1668347760,+3.16,+21.497, +8.263,+0.959
1668348060,+3.16,+21.506, +8.318,+0.959
1668348360,+3.16,+21.531, +8.338,+0.959
1668348660,+3.16,+21.531, +8.350,+0.959
1668348960,+3.16,+21.564, +8.347,+0.959
1668349260,+3.16,+21.573, +8.357,+0.959
1668349560,+3.15,+21.648, +8.350,+0.959
1668349860,+3.16,+21.640, +8.345,+0.959
1668350160,+3.16,+21.656, +8.350,+0.959
1668350460,+3.15,+21.698, +8.331,+0.959
1668350760,+3.15,+21.715, +8.339,+0.959
1668351060,+3.15,+21.698, +8.354,+0.959
1668351360,+3.15,+21.815, +8.314,+0.959
1668351660,+3.15,+21.773, +8.326,+0.959
1668351960,+3.15,+21.706, +8.342,+0.959
1668352260,+3.16,+21.640, +8.371,+0.959
1668352560,+3.16,+21.631, +8.364,+0.959
1668352860,+3.16,+21.606, +8.390,+0.959
1668353160,+3.16,+21.598, +8.397,+0.958
1668353460,+3.16,+21.648, +8.389,+0.959
1668353760,+3.15,+21.690, +8.371,+0.959
1668354060,+3.15,+21.723, +8.379,+0.959
1668354360,+3.15,+21.698, +8.401,+0.959
1668354660,+3.15,+21.706, +8.395,+0.958
1668354960,+3.15,+21.732, +8.408,+0.959
1668355260,+3.15,+21.740, +8.417,+0.959
1668355560,+3.15,+22.016, +8.328,+0.959
1668355860,+3.15,+22.074, +8.357,+0.959
1668356160,+3.15,+22.007, +8.392,+0.959
1668356460,+3.15,+21.982, +8.401,+0.959
