7450-018958
OS REV: 1.05 Sensor Cal: 1661958677
Time (sec),  BV (Volts),  T (deg C),  DO (mg/l),  Q ()
1669223760,+3.15,+23.606, +8.161,+0.959
1669224060,+3.15,+23.572, +8.161,+0.959
1669224360,+3.15,+23.581, +8.122,+0.959
1669224660,+3.15,+23.614, +8.071,+0.959
1669224960,+3.15,+23.631, +8.113,+0.959
1669225260,+3.15,+23.648, +8.060,+0.959
1669225560,+3.15,+23.690, +7.988,+0.959
1669225860,+3.15,+23.673, +7.959,+0.959
1669226160,+3.15,+23.690, +7.948,+0.959
1669226460,+3.15,+23.740, +7.958,+0.959
1669226760,+3.15,+23.731, +7.962,+0.959
1669227060,+3.15,+23.731, +7.966,+0.960
1669227360,+3.15,+23.748, +7.939,+0.959
1669227660,+3.15,+23.773, +7.925,+0.959
1669227960,+3.15,+23.773, +7.920,+0.959
1669228260,+3.15,+23.740, +7.889,+0.959
1669228560,+3.15,+23.731, +7.873,+0.959
1669228860,+3.15,+23.723, +7.860,+0.959
1669229160,+3.15,+23.706, +7.986,+0.960
1669229460,+3.15,+23.690, +8.181,+0.959
1669229760,+3.15,+23.690, +8.173,+0.959
1669230060,+3.15,+23.664, +8.168,+0.960
1669230360,+3.15,+23.631, +8.158,+0.959
1669230660,+3.15,+23.622, +8.136,+0.959
1669230960,+3.15,+23.614, +8.124,+0.959
1669231260,+3.15,+23.581, +8.067,+0.959
1669231560,+3.15,+23.564, +8.061,+0.959
1669231860,+3.15,+23.564, +8.106,+0.959
1669232160,+3.15,+23.572, +8.050,+0.959
1669232460,+3.15,+23.547, +8.067,+0.959
1669232760,+3.15,+23.555, +8.053,+0.959
1669233060,+3.15,+23.530, +8.116,+0.959
1669233360,+3.15,+23.514, +8.121,+0.959
1669233660,+3.15,+23.514, +8.085,+0.960
1669233960,+3.15,+23.488, +8.107,+0.959
1669234260,+3.15,+23.480, +8.151,+0.960
1669234560,+3.15,+23.463, +8.151,+0.959
1669234860,+3.15,+23.480, +8.154,+0.959
1669235160,+3.15,+23.463, +8.169,+0.959
1669235460,+3.15,+23.455, +8.168,+0.959
1669235760,+3.15,+23.472, +8.173,+0.959
1669236060,+3.15,+23.447, +8.151,+0.960
1669236360,+3.15,+23.438, +8.091,+0.959
1669236660,+3.15,+23.455, +8.098,+0.960
1669236960,+3.15,+23.438, +8.119,+0.959
1669237260,+3.15,+23.405, +8.150,+0.960
1669237560,+3.15,+23.405, +8.141,+0.960
1669237860,+3.15,+23.354, +8.144,+0.959
1669238160,+3.15,+23.363, +8.138,+0.959
1669238460,+3.15,+23.338, +8.147,+0.960
1669238760,+3.15,+23.363, +8.142,+0.960
1669239060,+3.15,+23.346, +8.102,+0.959
1669239360,+3.15,+23.346, +8.129,+0.959
1669239660,+3.15,+23.313, +8.119,+0.959
1669239960,+3.15,+23.296, +8.171,+0.959
1669240260,+3.15,+23.296, +8.151,+0.959
1669240560,+3.15,+23.296, +8.122,+0.959
1669240860,+3.14,+23.279, +8.163,+0.960
1669241160,+3.14,+23.262, +8.117,+0.959
1669241460,+3.14,+23.254, +8.157,+0.960
1669241760,+3.14,+23.262, +8.177,+0.959
1669242060,+3.14,+23.229, +8.175,+0.959
1669242360,+3.14,+23.254, +8.181,+0.960
1669242660,+3.14,+23.237, +8.169,+0.959
1669242960,+3.14,+23.220, +8.165,+0.960
1669243260,+3.14,+23.237, +8.128,+0.959
1669243560,+3.14,+23.212, +8.111,+0.959
1669243860,+3.14,+23.204, +8.166,+0.959
1669244160,+3.14,+23.179, +8.152,+0.959
1669244460,+3.14,+23.187, +8.133,+0.959
1669244760,+3.14,+23.137, +8.117,+0.959
1669245060,+3.14,+23.128, +8.117,+0.959
1669245360,+3.14,+23.128, +8.131,+0.959
1669245660,+3.14,+23.103, +8.154,+0.959
1669245960,+3.14,+23.095, +8.127,+0.959
1669246260,+3.14,+23.078, +8.129,+0.959
1669246560,+3.14,+23.061, +8.129,+0.959
1669246860,+3.14,+23.061, +8.153,+0.959
1669247160,+3.14,+23.053, +8.100,+0.959
1669247460,+3.14,+23.053, +8.083,+0.959
1669247760,+3.14,+23.053, +8.107,+0.959
1669248060,+3.14,+23.053, +8.138,+0.960
1669248360,+3.14,+23.036, +8.114,+0.959
1669248660,+3.14,+23.036, +8.104,+0.960
1669248960,+3.14,+23.028, +8.122,+0.959
1669249260,+3.14,+23.020, +8.098,+0.959
1669249560,+3.14,+23.020, +8.080,+0.959
1669249860,+3.14,+23.028, +8.078,+0.959
1669250160,+3.14,+23.011, +8.089,+0.959
1669250460,+3.14,+23.011, +8.106,+0.960
1669250760,+3.14,+22.978, +8.115,+0.959
1669251060,+3.14,+22.978, +8.118,+0.959
1669251360,+3.14,+22.969, +8.081,+0.959
1669251660,+3.14,+22.961, +8.087,+0.959
1669251960,+3.14,+22.986, +8.072,+0.959
1669252260,+3.14,+22.936, +8.117,+0.960
1669252560,+3.14,+22.953, +8.108,+0.960
1669252860,+3.14,+22.944, +8.090,+0.960
1669253160,+3.14,+22.936, +8.115,+0.959
1669253460,+3.14,+22.936, +8.108,+0.959
1669253760,+3.14,+22.911, +8.077,+0.959
1669254060,+3.14,+22.919, +8.090,+0.959
1669254360,+3.14,+22.919, +8.066,+0.959
1669254660,+3.14,+22.911, +8.072,+0.959
1669254960,+3.14,+22.894, +8.101,+0.960
1669255260,+3.14,+22.894, +8.075,+0.960
1669255560,+3.14,+22.869, +8.027,+0.959
1669255860,+3.14,+22.886, +8.064,+0.959
1669256160,+3.14,+22.886, +8.059,+0.960
1669256460,+3.14,+22.869, +7.972,+0.959
1669256760,+3.14,+22.877, +8.046,+0.959
1669257060,+3.14,+22.861, +8.067,+0.959
1669257360,+3.14,+22.827, +8.079,+0.960
1669257660,+3.14,+22.852, +8.081,+0.959
1669257960,+3.14,+22.810, +8.082,+0.959
1669258260,+3.14,+22.819, +8.062,+0.959
1669258560,+3.14,+22.835, +8.047,+0.959
1669258860,+3.14,+22.827, +8.049,+0.959
1669259160,+3.14,+22.802, +8.043,+0.959
1669259460,+3.14,+22.810, +8.012,+0.959
1669259760,+3.14,+22.794, +8.026,+0.959
1669260060,+3.14,+22.785, +8.012,+0.959
1669260360,+3.14,+22.769, +8.018,+0.959
1669260660,+3.14,+22.777, +8.013,+0.960
1669260960,+3.14,+22.769, +8.006,+0.959
1669261260,+3.14,+22.760, +8.006,+0.959
1669261560,+3.14,+22.769, +7.975,+0.959
1669261860,+3.14,+22.752, +7.983,+0.959
1669262160,+3.14,+22.743, +7.973,+0.959
1669262460,+3.14,+22.735, +7.950,+0.959
1669262760,+3.14,+22.735, +7.949,+0.959
1669263060,+3.14,+22.718, +7.962,+0.959
1669263360,+3.14,+22.718, +7.959,+0.959
1669263660,+3.14,+22.727, +7.952,+0.959
1669263960,+3.14,+22.718, +7.951,+0.959
1669264260,+3.14,+22.718, +7.951,+0.959
1669264560,+3.15,+22.702, +7.974,+0.959
1669264860,+3.14,+22.727, +7.975,+0.959
1669265160,+3.14,+22.727, +7.955,+0.960
1669265460,+3.14,+22.718, +7.958,+0.959
1669265760,+3.14,+22.718, +7.917,+0.959
1669266060,+3.14,+22.702, +7.945,+0.959
1669266360,+3.14,+22.718, +7.934,+0.959
1669266660,+3.14,+22.702, +7.941,+0.960
1669266960,+3.14,+22.702, +7.944,+0.959
1669267260,+3.14,+22.685, +7.936,+0.960
1669267560,+3.14,+22.676, +7.952,+0.959
1669267860,+3.14,+22.685, +7.959,+0.960
1669268160,+3.14,+22.702, +7.951,+0.959
1669268460,+3.14,+22.668, +7.962,+0.959
1669268760,+3.14,+22.660, +7.959,+0.959
1669269060,+3.14,+22.668, +7.969,+0.959
1669269360,+3.15,+22.660, +7.976,+0.959
1669269660,+3.15,+22.635, +7.997,+0.959
1669269960,+3.15,+22.635, +7.969,+0.959
1669270260,+3.15,+22.635, +7.986,+0.960
1669270560,+3.15,+22.626, +7.972,+0.959
1669270860,+3.15,+22.651, +7.999,+0.959
1669271160,+3.15,+22.660, +7.997,+0.959
1669271460,+3.15,+22.651, +7.977,+0.959
1669271760,+3.15,+22.626, +7.959,+0.960
1669272060,+3.15,+22.626, +7.964,+0.959
1669272360,+3.15,+22.643, +7.932,+0.960
1669272660,+3.15,+22.618, +7.927,+0.959
1669272960,+3.15,+22.626, +7.926,+0.959
1669273260,+3.15,+22.601, +7.913,+0.959
1669273560,+3.15,+22.593, +7.907,+0.959
1669273860,+3.15,+22.610, +7.889,+0.960
1669274160,+3.15,+22.610, +7.867,+0.959
1669274460,+3.15,+22.593, +7.882,+0.959
1669274760,+3.15,+22.584, +7.882,+0.959
1669275060,+3.15,+22.593, +7.873,+0.959
1669275360,+3.15,+22.568, +7.862,+0.960
1669275660,+3.15,+22.576, +7.842,+0.960
1669275960,+3.15,+22.576, +7.848,+0.959
1669276260,+3.15,+22.551, +7.789,+0.959
1669276560,+3.15,+22.559, +7.798,+0.959
1669276860,+3.15,+22.559, +7.819,+0.959
1669277160,+3.15,+22.551, +7.770,+0.960
1669277460,+3.15,+22.559, +7.717,+0.959
1669277760,+3.15,+22.543, +7.797,+0.959
1669278060,+3.15,+22.534, +7.785,+0.960
1669278360,+3.15,+22.551, +7.782,+0.959
1669278660,+3.15,+22.551, +7.792,+0.959
1669278960,+3.15,+22.526, +7.790,+0.959
1669279260,+3.15,+22.534, +7.765,+0.959
1669279560,+3.15,+22.526, +7.782,+0.959
1669279860,+3.15,+22.509, +7.783,+0.959
1669280160,+3.15,+22.509, +7.794,+0.959
1669280460,+3.15,+22.509, +7.812,+0.959
1669280760,+3.15,+22.518, +7.803,+0.959
1669281060,+3.15,+22.501, +7.767,+0.959
1669281360,+3.15,+22.501, +7.773,+0.959
1669281660,+3.15,+22.518, +7.776,+0.959
1669281960,+3.15,+22.509, +7.796,+0.959
1669282260,+3.15,+22.526, +7.714,+0.959
1669282560,+3.15,+22.501, +7.755,+0.959
1669282860,+3.15,+22.518, +7.797,+0.959
1669283160,+3.15,+22.518, +7.789,+0.959
1669283460,+3.15,+22.484, +7.782,+0.960
1669283760,+3.15,+22.484, +7.778,+0.959
1669284060,+3.15,+22.501, +7.776,+0.960
1669284360,+3.15,+22.501, +7.722,+0.959
1669284660,+3.15,+22.492, +7.734,+0.959
1669284960,+3.15,+22.509, +7.742,+0.959
1669285260,+3.15,+22.476, +7.738,+0.959
1669285560,+3.15,+22.484, +7.747,+0.959
1669285860,+3.15,+22.492, +7.777,+0.959
1669286160,+3.15,+22.484, +7.779,+0.959
1669286460,+3.15,+22.509, +7.773,+0.959
1669286760,+3.15,+22.492, +7.788,+0.959
1669287060,+3.15,+22.484, +7.830,+0.959
1669287360,+3.15,+22.484, +7.850,+0.960
1669287660,+3.15,+22.484, +7.848,+0.959
1669287960,+3.15,+22.484, +7.853,+0.959
1669288260,+3.15,+22.476, +7.841,+0.960
1669288560,+3.15,+22.484, +7.833,+0.959
1669288860,+3.15,+22.492, +7.828,+0.959
1669289160,+3.15,+22.492, +7.812,+0.959
1669289460,+3.15,+22.484, +7.812,+0.959
1669289760,+3.15,+22.484, +7.800,+0.959
1669290060,+3.15,+22.476, +7.818,+0.959
1669290360,+3.15,+22.476, +7.827,+0.959
1669290660,+3.15,+22.476, +7.798,+0.959
1669290960,+3.15,+22.476, +7.773,+0.960
1669291260,+3.15,+22.492, +7.774,+0.960
1669291560,+3.15,+22.492, +7.782,+0.959
1669291860,+3.15,+22.509, +7.794,+0.959
1669292160,+3.15,+22.492, +7.781,+0.959
1669292460,+3.15,+22.509, +7.790,+0.959
1669292760,+3.15,+22.518, +7.773,+0.959
1669293060,+3.15,+22.534, +7.793,+0.960
1669293360,+3.15,+22.501, +7.771,+0.959
1669293660,+3.15,+22.526, +7.791,+0.959
1669293960,+3.15,+22.534, +7.776,+0.959
1669294260,+3.15,+22.526, +7.758,+0.959
1669294560,+3.15,+22.509, +7.777,+0.959
1669294860,+3.15,+22.543, +7.752,+0.959
1669295160,+3.15,+22.518, +7.757,+0.959
1669295460,+3.15,+22.543, +7.756,+0.959
1669295760,+3.15,+22.526, +7.766,+0.959
1669296060,+3.15,+22.518, +7.752,+0.959
1669296360,+3.15,+22.509, +7.787,+0.959
1669296660,+3.15,+22.543, +7.796,+0.959
1669296960,+3.15,+22.534, +7.786,+0.959
1669297260,+3.15,+22.543, +7.788,+0.959
1669297560,+3.15,+22.526, +7.791,+0.959
1669297860,+3.15,+22.509, +7.757,+0.959
1669298160,+3.15,+22.518, +7.791,+0.959
1669298460,+3.15,+22.526, +7.799,+0.959
1669298760,+3.15,+22.526, +7.802,+0.960
1669299060,+3.15,+22.534, +7.821,+0.959
1669299360,+3.15,+22.526, +7.826,+0.959
1669299660,+3.15,+22.518, +7.816,+0.959
1669299960,+3.15,+22.501, +7.783,+0.959
1669300260,+3.15,+22.509, +7.812,+0.960
1669300560,+3.15,+22.509, +7.818,+0.959
1669300860,+3.15,+22.501, +7.861,+0.960
1669301160,+3.15,+22.501, +7.843,+0.959
1669301460,+3.15,+22.501, +7.834,+0.959
1669301760,+3.15,+22.509, +7.799,+0.959
1669302060,+3.15,+22.518, +7.777,+0.959
1669302360,+3.15,+22.509, +7.759,+0.959
1669302660,+3.15,+22.492, +7.759,+0.959
1669302960,+3.15,+22.501, +7.792,+0.960
1669303260,+3.15,+22.509, +7.802,+0.959
1669303560,+3.15,+22.509, +7.800,+0.960
1669303860,+3.15,+22.509, +7.805,+0.959
1669304160,+3.15,+22.518, +7.849,+0.959
1669304460,+3.15,+22.518, +7.841,+0.959
1669304760,+3.15,+22.518, +7.879,+0.959
1669305060,+3.15,+22.543, +7.899,+0.959
1669305360,+3.15,+22.534, +7.922,+0.959
1669305660,+3.15,+22.551, +7.929,+0.960
1669305960,+3.15,+22.534, +7.910,+0.959
1669306260,+3.15,+22.559, +7.913,+0.959
1669306560,+3.15,+22.576, +7.925,+0.959
1669306860,+3.15,+22.601, +7.906,+0.959
1669307160,+3.14,+22.610, +7.903,+0.959
1669307460,+3.14,+22.618, +7.948,+0.959
1669307760,+3.14,+22.626, +7.916,+0.960
1669308060,+3.15,+22.584, +7.957,+0.959
1669308360,+3.14,+22.618, +7.931,+0.959
1669308660,+3.14,+22.618, +7.948,+0.959
1669308960,+3.15,+22.635, +7.965,+0.959
1669309260,+3.14,+22.651, +7.968,+0.959
1669309560,+3.14,+22.660, +7.934,+0.959
1669309860,+3.14,+22.660, +7.893,+0.959
1669310160,+3.14,+22.668, +7.878,+0.959
