7450-018958
OS REV: 1.05 Sensor Cal: 1661958677
Time (sec),  BV (Volts),  T (deg C),  DO (mg/l),  Q ()
1667489760,+3.16,+19.958, +7.487,+0.964
1667490060,+3.16,+19.925, +7.520,+0.964
1667490360,+3.16,+19.966, +7.527,+0.965
1667490660,+3.16,+19.966, +7.516,+0.965
1667490960,+3.16,+19.941, +7.519,+0.964
1667491260,+3.16,+20.000, +7.595,+0.965
1667491560,+3.16,+20.033, +7.571,+0.964
1667491860,+3.17,+20.075, +7.657,+0.965
1667492160,+3.16,+20.025, +7.525,+0.964
1667492460,+3.16,+20.008, +7.539,+0.965
1667492760,+3.16,+19.992, +7.534,+0.964
1667493060,+3.16,+19.983, +7.520,+0.965
1667493360,+3.16,+20.008, +7.532,+0.965
1667493660,+3.16,+20.008, +7.528,+0.964
1667493960,+3.16,+19.975, +7.539,+0.964
1667494260,+3.16,+19.975, +7.539,+0.964
1667494560,+3.16,+19.950, +7.545,+0.965
1667494860,+3.16,+19.941, +7.546,+0.964
1667495160,+3.16,+19.925, +7.539,+0.964
1667495460,+3.16,+19.966, +7.550,+0.964
1667495760,+3.16,+19.950, +7.559,+0.964
1667496060,+3.16,+19.941, +7.572,+0.965
1667496360,+3.16,+19.933, +7.566,+0.965
1667496660,+3.16,+19.950, +7.573,+0.965
1667496960,+3.16,+19.975, +7.562,+0.965
1667497260,+3.16,+19.958, +7.574,+0.965
1667497560,+3.16,+19.992, +7.558,+0.965
1667497860,+3.16,+19.992, +7.552,+0.964
1667498160,+3.16,+19.958, +7.567,+0.964
1667498460,+3.16,+19.966, +7.568,+0.964
1667498760,+3.16,+19.950, +7.566,+0.965
1667499060,+3.16,+19.966, +7.586,+0.964
1667499360,+3.16,+19.941, +7.568,+0.964
1667499660,+3.16,+19.916, +7.527,+0.964
1667499960,+3.16,+19.899, +7.510,+0.964
1667500260,+3.16,+19.916, +7.524,+0.965
1667500560,+3.16,+19.916, +7.531,+0.965
1667500860,+3.16,+19.941, +7.571,+0.965
1667501160,+3.16,+19.992, +7.587,+0.965
1667501460,+3.16,+20.025, +7.670,+0.965
1667501760,+3.17,+20.067, +7.770,+0.965
1667502060,+3.16,+20.067, +7.768,+0.964
1667502360,+3.16,+20.008, +7.798,+0.964
1667502660,+3.16,+20.017, +7.804,+0.964
1667502960,+3.16,+20.017, +7.808,+0.964
1667503260,+3.16,+20.033, +7.798,+0.964
1667503560,+3.16,+20.050, +7.796,+0.965
1667503860,+3.16,+20.067, +7.768,+0.964
1667504160,+3.16,+20.008, +7.769,+0.964
1667504460,+3.16,+19.992, +7.766,+0.964
1667504760,+3.16,+19.925, +7.763,+0.964
1667505060,+3.16,+19.975, +7.760,+0.964
1667505360,+3.16,+19.916, +7.745,+0.964
1667505660,+3.16,+19.866, +7.687,+0.964
1667505960,+3.16,+19.849, +7.694,+0.965
1667506260,+3.16,+19.824, +7.714,+0.964
1667506560,+3.16,+19.866, +7.726,+0.965
1667506860,+3.16,+19.849, +7.792,+0.964
1667507160,+3.16,+19.824, +7.851,+0.964
1667507460,+3.16,+19.807, +7.859,+0.964
1667507760,+3.16,+19.807, +7.794,+0.964
1667508060,+3.16,+19.807, +7.802,+0.964
1667508360,+3.16,+19.790, +7.783,+0.964
1667508660,+3.16,+19.790, +7.791,+0.964
1667508960,+3.16,+19.782, +7.815,+0.964
1667509260,+3.16,+19.782, +7.841,+0.964
1667509560,+3.16,+19.782, +7.807,+0.964
1667509860,+3.16,+19.757, +7.877,+0.964
1667510160,+3.16,+19.749, +7.876,+0.964
1667510460,+3.16,+19.749, +7.921,+0.964
1667510760,+3.16,+19.707, +7.939,+0.964
1667511060,+3.16,+19.732, +7.936,+0.965
1667511360,+3.16,+19.732, +7.925,+0.964
1667511660,+3.16,+19.732, +7.917,+0.964
1667511960,+3.16,+19.732, +7.940,+0.964
1667512260,+3.16,+19.723, +7.951,+0.964
1667512560,+3.16,+19.707, +7.955,+0.964
1667512860,+3.16,+19.682, +7.910,+0.965
1667513160,+3.16,+19.690, +7.904,+0.964
1667513460,+3.16,+19.690, +7.894,+0.964
1667513760,+3.16,+19.682, +7.904,+0.964
1667514060,+3.16,+19.682, +7.895,+0.964
1667514360,+3.16,+19.673, +7.903,+0.964
1667514660,+3.16,+19.673, +7.891,+0.964
1667514960,+3.16,+19.707, +7.917,+0.964
1667515260,+3.16,+19.690, +7.899,+0.964
1667515560,+3.16,+19.665, +7.908,+0.965
1667515860,+3.16,+19.707, +7.906,+0.964
1667516160,+3.16,+19.682, +7.885,+0.964
1667516460,+3.16,+19.673, +7.880,+0.964
1667516760,+3.16,+19.665, +7.884,+0.964
1667517060,+3.16,+19.682, +7.879,+0.965
1667517360,+3.16,+19.673, +7.863,+0.964
1667517660,+3.16,+19.682, +7.847,+0.964
1667517960,+3.16,+19.673, +7.823,+0.964
1667518260,+3.16,+19.665, +7.850,+0.964
1667518560,+3.16,+19.673, +7.887,+0.964
1667518860,+3.16,+19.682, +7.888,+0.964
1667519160,+3.16,+19.665, +7.845,+0.964
1667519460,+3.16,+19.665, +7.842,+0.964
1667519760,+3.16,+19.682, +7.862,+0.964
1667520060,+3.16,+19.665, +7.881,+0.964
1667520360,+3.16,+19.673, +7.863,+0.964
1667520660,+3.16,+19.673, +7.890,+0.964
1667520960,+3.16,+19.682, +7.871,+0.964
1667521260,+3.16,+19.698, +7.863,+0.964
1667521560,+3.16,+19.698, +7.853,+0.964
1667521860,+3.16,+19.673, +7.856,+0.964
1667522160,+3.16,+19.690, +7.858,+0.965
1667522460,+3.16,+19.690, +7.837,+0.964
1667522760,+3.16,+19.707, +7.828,+0.964
1667523060,+3.16,+19.690, +7.836,+0.964
1667523360,+3.16,+19.707, +7.842,+0.964
1667523660,+3.16,+19.690, +7.831,+0.964
1667523960,+3.16,+19.690, +7.830,+0.964
1667524260,+3.16,+19.682, +7.826,+0.964
1667524560,+3.16,+19.656, +7.832,+0.964
1667524860,+3.16,+19.648, +7.829,+0.964
1667525160,+3.16,+19.673, +7.820,+0.964
1667525460,+3.16,+19.656, +7.827,+0.964
1667525760,+3.16,+19.656, +7.818,+0.964
1667526060,+3.16,+19.648, +7.825,+0.964
1667526360,+3.16,+19.631, +7.829,+0.964
1667526660,+3.16,+19.640, +7.827,+0.964
1667526960,+3.16,+19.631, +7.806,+0.964
1667527260,+3.16,+19.598, +7.813,+0.964
1667527560,+3.16,+19.614, +7.805,+0.964
1667527860,+3.16,+19.623, +7.803,+0.964
1667528160,+3.16,+19.614, +7.820,+0.964
1667528460,+3.16,+19.614, +7.790,+0.964
1667528760,+3.16,+19.589, +7.787,+0.964
1667529060,+3.16,+19.589, +7.800,+0.964
1667529360,+3.16,+19.623, +7.793,+0.964
1667529660,+3.16,+19.598, +7.779,+0.964
1667529960,+3.16,+19.614, +7.787,+0.963
1667530260,+3.16,+19.589, +7.806,+0.964
1667530560,+3.16,+19.598, +7.794,+0.964
1667530860,+3.16,+19.614, +7.795,+0.964
1667531160,+3.16,+19.598, +7.798,+0.964
1667531460,+3.16,+19.581, +7.792,+0.963
1667531760,+3.16,+19.606, +7.796,+0.964
1667532060,+3.16,+19.589, +7.798,+0.964
1667532360,+3.16,+19.598, +7.799,+0.964
1667532660,+3.16,+19.589, +7.792,+0.964
1667532960,+3.16,+19.581, +7.806,+0.964
1667533260,+3.16,+19.589, +7.797,+0.964
1667533560,+3.16,+19.589, +7.808,+0.964
1667533860,+3.16,+19.589, +7.800,+0.964
1667534160,+3.16,+19.581, +7.801,+0.964
1667534460,+3.16,+19.573, +7.806,+0.964
1667534760,+3.16,+19.564, +7.794,+0.964
1667535060,+3.16,+19.556, +7.784,+0.964
1667535360,+3.16,+19.539, +7.791,+0.964
1667535660,+3.16,+19.547, +7.777,+0.964
1667535960,+3.16,+19.547, +7.784,+0.964
1667536260,+3.16,+19.539, +7.777,+0.964
1667536560,+3.16,+19.547, +7.774,+0.964
1667536860,+3.16,+19.531, +7.769,+0.964
1667537160,+3.16,+19.564, +7.771,+0.964
1667537460,+3.16,+19.539, +7.759,+0.964
1667537760,+3.16,+19.539, +7.743,+0.963
1667538060,+3.16,+19.514, +7.762,+0.964
1667538360,+3.17,+19.514, +7.751,+0.963
1667538660,+3.16,+19.506, +7.749,+0.964
1667538960,+3.17,+19.497, +7.758,+0.964
1667539260,+3.16,+19.531, +7.751,+0.964
1667539560,+3.16,+19.531, +7.751,+0.964
1667539860,+3.16,+19.514, +7.754,+0.964
1667540160,+3.16,+19.522, +7.752,+0.964
1667540460,+3.16,+19.506, +7.754,+0.964
1667540760,+3.16,+19.506, +7.760,+0.964
1667541060,+3.16,+19.489, +7.743,+0.964
1667541360,+3.17,+19.497, +7.740,+0.964
1667541660,+3.16,+19.489, +7.743,+0.964
1667541960,+3.16,+19.480, +7.737,+0.964
1667542260,+3.17,+19.472, +7.744,+0.964
1667542560,+3.17,+19.480, +7.735,+0.964
1667542860,+3.17,+19.480, +7.724,+0.964
1667543160,+3.17,+19.455, +7.719,+0.963
1667543460,+3.17,+19.472, +7.722,+0.964
1667543760,+3.17,+19.455, +7.720,+0.964
1667544060,+3.16,+19.480, +7.704,+0.964
1667544360,+3.17,+19.464, +7.721,+0.964
1667544660,+3.17,+19.430, +7.713,+0.964
1667544960,+3.17,+19.455, +7.685,+0.964
1667545260,+3.17,+19.447, +7.686,+0.964
1667545560,+3.17,+19.438, +7.697,+0.964
1667545860,+3.17,+19.430, +7.690,+0.964
1667546160,+3.17,+19.430, +7.687,+0.964
1667546460,+3.17,+19.438, +7.695,+0.964
1667546760,+3.17,+19.422, +7.705,+0.964
1667547060,+3.17,+19.438, +7.694,+0.964
1667547360,+3.17,+19.438, +7.721,+0.964
1667547660,+3.17,+19.430, +7.727,+0.964
1667547960,+3.17,+19.430, +7.725,+0.964
1667548260,+3.17,+19.438, +7.722,+0.964
1667548560,+3.17,+19.430, +7.714,+0.963
1667548860,+3.17,+19.422, +7.718,+0.964
1667549160,+3.17,+19.430, +7.716,+0.964
1667549460,+3.17,+19.430, +7.697,+0.964
1667549760,+3.17,+19.430, +7.698,+0.964
1667550060,+3.17,+19.430, +7.695,+0.964
1667550360,+3.17,+19.413, +7.685,+0.964
1667550660,+3.17,+19.438, +7.676,+0.964
1667550960,+3.17,+19.413, +7.681,+0.964
1667551260,+3.17,+19.430, +7.665,+0.963
1667551560,+3.16,+19.455, +7.677,+0.964
1667551860,+3.16,+19.447, +7.655,+0.963
1667552160,+3.17,+19.430, +7.674,+0.964
1667552460,+3.17,+19.430, +7.671,+0.964
1667552760,+3.17,+19.422, +7.672,+0.964
1667553060,+3.16,+19.430, +7.684,+0.964
1667553360,+3.17,+19.430, +7.678,+0.964
1667553660,+3.16,+19.430, +7.680,+0.964
1667553960,+3.17,+19.430, +7.680,+0.963
1667554260,+3.17,+19.422, +7.682,+0.964
1667554560,+3.17,+19.430, +7.688,+0.964
1667554860,+3.17,+19.405, +7.688,+0.964
1667555160,+3.17,+19.413, +7.684,+0.964
1667555460,+3.17,+19.422, +7.683,+0.964
1667555760,+3.17,+19.413, +7.692,+0.964
1667556060,+3.17,+19.438, +7.685,+0.964
1667556360,+3.17,+19.413, +7.691,+0.964
1667556660,+3.17,+19.413, +7.697,+0.964
1667556960,+3.17,+19.413, +7.695,+0.964
1667557260,+3.17,+19.422, +7.686,+0.963
1667557560,+3.17,+19.405, +7.698,+0.963
1667557860,+3.17,+19.413, +7.694,+0.963
1667558160,+3.17,+19.422, +7.705,+0.964
1667558460,+3.17,+19.413, +7.694,+0.963
1667558760,+3.17,+19.413, +7.709,+0.963
1667559060,+3.17,+19.438, +7.718,+0.963
1667559360,+3.17,+19.438, +7.720,+0.964
1667559660,+3.17,+19.438, +7.723,+0.964
1667559960,+3.16,+19.455, +7.719,+0.963
1667560260,+3.17,+19.447, +7.736,+0.964
1667560560,+3.17,+19.455, +7.724,+0.963
1667560860,+3.17,+19.464, +7.722,+0.964
1667561160,+3.16,+19.464, +7.734,+0.963
1667561460,+3.16,+19.489, +7.731,+0.964
1667561760,+3.16,+19.472, +7.732,+0.963
1667562060,+3.16,+19.464, +7.740,+0.964
1667562360,+3.16,+19.464, +7.740,+0.963
1667562660,+3.16,+19.480, +7.729,+0.963
1667562960,+3.17,+19.472, +7.734,+0.964
1667563260,+3.17,+19.480, +7.737,+0.964
1667563560,+3.16,+19.472, +7.747,+0.963
1667563860,+3.16,+19.472, +7.758,+0.964
1667564160,+3.16,+19.480, +7.740,+0.963
1667564460,+3.16,+19.489, +7.721,+0.963
1667564760,+3.16,+19.472, +7.705,+0.963
1667565060,+3.16,+19.464, +7.731,+0.963
1667565360,+3.16,+19.480, +7.744,+0.963
1667565660,+3.16,+19.497, +7.719,+0.963
1667565960,+3.16,+19.497, +7.763,+0.964
1667566260,+3.16,+19.497, +7.759,+0.963
1667566560,+3.16,+19.480, +7.786,+0.964
1667566860,+3.16,+19.514, +7.789,+0.963
1667567160,+3.16,+19.522, +7.782,+0.963
1667567460,+3.16,+19.539, +7.795,+0.964
1667567760,+3.16,+19.539, +7.802,+0.963
1667568060,+3.16,+19.564, +7.807,+0.963
1667568360,+3.16,+19.614, +7.814,+0.963
1667568660,+3.16,+19.640, +7.822,+0.963
1667568960,+3.16,+19.648, +7.816,+0.963
1667569260,+3.16,+19.707, +7.839,+0.963
1667569560,+3.16,+19.682, +7.824,+0.963
1667569860,+3.16,+19.682, +7.844,+0.963
1667570160,+3.16,+19.698, +7.843,+0.963
1667570460,+3.16,+19.673, +7.819,+0.963
1667570760,+3.16,+19.656, +7.831,+0.963
1667571060,+3.16,+19.665, +7.854,+0.963
1667571360,+3.16,+19.673, +7.830,+0.963
1667571660,+3.16,+19.682, +7.869,+0.963
1667571960,+3.16,+19.614, +7.787,+0.963
1667572260,+3.16,+19.589, +7.754,+0.963
1667572560,+3.16,+19.573, +7.763,+0.963
1667572860,+3.16,+19.564, +7.729,+0.963
1667573160,+3.16,+19.573, +7.750,+0.963
1667573460,+3.16,+19.547, +7.694,+0.963
1667573760,+3.16,+19.581, +7.822,+0.963
1667574060,+3.16,+19.682, +7.888,+0.963
1667574360,+3.16,+19.656, +7.857,+0.963
1667574660,+3.16,+19.623, +7.822,+0.963
1667574960,+3.16,+19.573, +7.765,+0.963
1667575260,+3.16,+19.598, +7.869,+0.963
1667575560,+3.16,+19.640, +7.869,+0.963
1667575860,+3.16,+19.640, +7.886,+0.964
1667576160,+3.16,+19.648, +7.798,+0.963
