7392-538280
OS REV: 1.11 Sensor Cal: 1466698825
Time (sec),  BV (Volts),  T (deg C),  DO (mg/l),  Q ()
1677006060,+3.16,+24.646, +6.115,+1.044
1677006360,+3.16,+24.638, +6.110,+1.044
1677006660,+3.16,+24.629, +6.123,+1.045
1677006960,+3.16,+24.638, +6.131,+1.044
1677007260,+3.16,+24.613, +6.129,+1.044
1677007560,+3.16,+24.604, +6.159,+1.043
1677007860,+3.16,+24.596, +6.157,+1.043
1677008160,+3.16,+24.554, +6.145,+1.044
1677008460,+3.16,+24.545, +6.151,+1.043
1677008760,+3.16,+24.528, +6.136,+1.044
1677009060,+3.16,+24.503, +6.119,+1.043
1677009360,+3.16,+24.503, +6.139,+1.043
1677009660,+3.16,+24.495, +6.142,+1.044
1677009960,+3.16,+24.503, +6.201,+1.045
1677010260,+3.16,+24.554, +6.191,+1.043
1677010560,+3.16,+24.604, +6.187,+1.044
1677010860,+3.16,+24.613, +6.185,+1.044
1677011160,+3.16,+24.596, +6.198,+1.044
1677011460,+3.16,+24.604, +6.200,+1.045
1677011760,+3.16,+24.596, +6.179,+1.044
1677012060,+3.16,+24.554, +6.173,+1.043
1677012360,+3.16,+24.571, +6.177,+1.044
1677012660,+3.16,+24.571, +6.156,+1.043
1677012960,+3.16,+24.579, +6.147,+1.044
1677013260,+3.16,+24.554, +6.127,+1.044
1677013560,+3.16,+24.571, +6.114,+1.043
1677013860,+3.16,+24.537, +6.173,+1.045
1677014160,+3.16,+24.537, +6.153,+1.045
1677014460,+3.16,+24.537, +6.117,+1.044
1677014760,+3.16,+24.486, +6.095,+1.044
1677015060,+3.16,+24.495, +6.058,+1.043
1677015360,+3.16,+24.495, +6.017,+1.043
1677015660,+3.16,+24.470, +6.005,+1.045
1677015960,+3.16,+24.478, +6.041,+1.045
1677016260,+3.16,+24.470, +6.047,+1.044
1677016560,+3.15,+24.461, +6.068,+1.045
1677016860,+3.15,+24.461, +6.072,+1.044
1677017160,+3.16,+24.436, +6.026,+1.043
1677017460,+3.16,+24.411, +5.893,+1.044
1677017760,+3.16,+24.411, +5.963,+1.043
1677018060,+3.16,+24.394, +5.927,+1.045
1677018360,+3.16,+24.394, +5.953,+1.044
1677018660,+3.16,+24.394, +5.904,+1.043
1677018960,+3.16,+24.377, +5.836,+1.044
1677019260,+3.16,+24.369, +5.824,+1.044
1677019560,+3.16,+24.352, +5.847,+1.044
1677019860,+3.16,+24.352, +5.861,+1.045
1677020160,+3.16,+24.343, +5.803,+1.043
1677020460,+3.16,+24.327, +5.836,+1.044
1677020760,+3.16,+24.335, +5.810,+1.044
1677021060,+3.15,+24.318, +5.829,+1.044
1677021360,+3.16,+24.327, +5.826,+1.043
1677021660,+3.16,+24.310, +5.883,+1.044
1677021960,+3.15,+24.293, +5.874,+1.044
1677022260,+3.15,+24.301, +5.851,+1.043
1677022560,+3.15,+24.284, +5.832,+1.044
1677022860,+3.15,+24.276, +5.852,+1.044
1677023160,+3.15,+24.293, +5.843,+1.044
1677023460,+3.15,+24.276, +5.893,+1.045
1677023760,+3.15,+24.251, +5.890,+1.044
1677024060,+3.15,+24.276, +5.801,+1.044
1677024360,+3.15,+24.259, +5.822,+1.044
1677024660,+3.15,+24.251, +5.715,+1.043
1677024960,+3.15,+24.242, +5.730,+1.044
1677025260,+3.16,+24.242, +5.750,+1.043
1677025560,+3.15,+24.234, +5.690,+1.044
1677025860,+3.15,+24.209, +5.766,+1.044
1677026160,+3.15,+24.192, +5.784,+1.044
1677026460,+3.15,+24.200, +5.769,+1.044
1677026760,+3.15,+24.175, +5.681,+1.044
1677027060,+3.15,+24.175, +5.744,+1.045
1677027360,+3.15,+24.175, +5.706,+1.044
1677027660,+3.15,+24.158, +5.751,+1.045
1677027960,+3.15,+24.150, +5.736,+1.044
1677028260,+3.15,+24.167, +5.662,+1.043
1677028560,+3.15,+24.142, +5.704,+1.044
1677028860,+3.15,+24.133, +5.702,+1.044
1677029160,+3.15,+24.142, +5.674,+1.043
1677029460,+3.15,+24.133, +5.712,+1.044
1677029760,+3.15,+24.150, +5.746,+1.044
1677030060,+3.15,+24.133, +5.736,+1.044
1677030360,+3.15,+24.142, +5.742,+1.044
1677030660,+3.15,+24.116, +5.700,+1.043
1677030960,+3.15,+24.116, +5.687,+1.044
1677031260,+3.15,+24.116, +5.693,+1.044
1677031560,+3.15,+24.083, +5.667,+1.043
1677031860,+3.15,+24.074, +5.683,+1.044
1677032160,+3.15,+24.091, +5.666,+1.044
1677032460,+3.15,+24.091, +5.657,+1.043
1677032760,+3.15,+24.091, +5.669,+1.043
1677033060,+3.15,+24.100, +5.651,+1.043
1677033360,+3.15,+24.091, +5.634,+1.043
1677033660,+3.15,+24.074, +5.639,+1.044
1677033960,+3.15,+24.066, +5.621,+1.043
1677034260,+3.15,+24.083, +5.601,+1.044
1677034560,+3.15,+24.057, +5.586,+1.043
1677034860,+3.15,+24.057, +5.597,+1.043
1677035160,+3.15,+24.049, +5.590,+1.044
1677035460,+3.15,+24.049, +5.583,+1.044
1677035760,+3.15,+24.041, +5.618,+1.044
1677036060,+3.15,+24.032, +5.573,+1.044
1677036360,+3.15,+24.041, +5.587,+1.044
1677036660,+3.15,+24.032, +5.588,+1.044
1677036960,+3.15,+24.032, +5.577,+1.043
1677037260,+3.15,+24.032, +5.578,+1.044
1677037560,+3.15,+24.007, +5.559,+1.043
1677037860,+3.15,+24.032, +5.543,+1.044
1677038160,+3.15,+24.024, +5.504,+1.044
1677038460,+3.15,+24.024, +5.516,+1.045
1677038760,+3.15,+24.015, +5.490,+1.044
1677039060,+3.15,+24.007, +5.495,+1.044
1677039360,+3.15,+23.999, +5.507,+1.044
1677039660,+3.15,+24.032, +5.500,+1.044
1677039960,+3.15,+23.999, +5.478,+1.044
1677040260,+3.15,+23.999, +5.462,+1.044
1677040560,+3.15,+23.973, +5.565,+1.044
1677040860,+3.15,+23.982, +5.612,+1.043
1677041160,+3.15,+23.973, +5.606,+1.044
1677041460,+3.15,+23.973, +5.567,+1.043
1677041760,+3.15,+23.940, +5.592,+1.044
1677042060,+3.15,+23.957, +5.573,+1.044
1677042360,+3.15,+23.948, +5.560,+1.045
1677042660,+3.15,+23.957, +5.529,+1.043
1677042960,+3.15,+23.957, +5.505,+1.044
1677043260,+3.15,+23.965, +5.447,+1.042
1677043560,+3.15,+23.948, +5.478,+1.043
1677043860,+3.15,+23.923, +5.506,+1.043
1677044160,+3.15,+23.948, +5.484,+1.043
1677044460,+3.15,+23.940, +5.485,+1.045
1677044760,+3.15,+23.931, +5.469,+1.045
1677045060,+3.15,+23.856, +5.445,+1.043
1677045360,+3.15,+23.923, +5.454,+1.044
1677045660,+3.15,+23.940, +5.461,+1.042
1677045960,+3.15,+23.906, +5.467,+1.044
1677046260,+3.15,+23.923, +5.467,+1.044
1677046560,+3.15,+23.915, +5.472,+1.043
1677046860,+3.15,+23.898, +5.474,+1.044
1677047160,+3.15,+23.915, +5.482,+1.044
1677047460,+3.15,+23.889, +5.499,+1.044
1677047760,+3.15,+23.881, +5.507,+1.045
1677048060,+3.15,+23.898, +5.489,+1.044
1677048360,+3.15,+23.881, +5.503,+1.044
1677048660,+3.15,+23.881, +5.490,+1.043
1677048960,+3.15,+23.889, +5.475,+1.044
1677049260,+3.15,+23.889, +5.443,+1.043
1677049560,+3.15,+23.873, +5.426,+1.044
1677049860,+3.15,+23.889, +5.423,+1.043
1677050160,+3.15,+23.864, +5.453,+1.044
1677050460,+3.15,+23.873, +5.481,+1.043
1677050760,+3.15,+23.873, +5.479,+1.044
1677051060,+3.15,+23.864, +5.446,+1.043
1677051360,+3.15,+23.889, +5.450,+1.044
1677051660,+3.15,+23.864, +5.458,+1.043
1677051960,+3.15,+23.873, +5.482,+1.044
1677052260,+3.15,+23.856, +5.480,+1.044
1677052560,+3.15,+23.864, +5.480,+1.043
1677052860,+3.15,+23.847, +5.464,+1.044
1677053160,+3.15,+23.864, +5.469,+1.045
1677053460,+3.15,+23.847, +5.464,+1.044
1677053760,+3.15,+23.831, +5.454,+1.043
1677054060,+3.15,+23.847, +5.463,+1.044
1677054360,+3.15,+23.839, +5.462,+1.044
1677054660,+3.15,+23.822, +5.457,+1.043
1677054960,+3.15,+23.805, +5.435,+1.044
1677055260,+3.15,+23.831, +5.401,+1.043
1677055560,+3.15,+23.822, +5.417,+1.044
1677055860,+3.15,+23.814, +5.442,+1.044
1677056160,+3.15,+23.831, +5.431,+1.044
1677056460,+3.15,+23.814, +5.468,+1.045
1677056760,+3.15,+23.814, +5.506,+1.045
1677057060,+3.15,+23.805, +5.481,+1.044
1677057360,+3.15,+23.814, +5.456,+1.045
1677057660,+3.15,+23.805, +5.413,+1.045
1677057960,+3.15,+23.780, +5.394,+1.043
1677058260,+3.15,+23.797, +5.422,+1.043
1677058560,+3.15,+23.789, +5.410,+1.044
1677058860,+3.15,+23.772, +5.428,+1.044
1677059160,+3.15,+23.789, +5.424,+1.044
1677059460,+3.15,+23.789, +5.403,+1.044
1677059760,+3.15,+23.789, +5.387,+1.042
1677060060,+3.15,+23.780, +5.406,+1.044
1677060360,+3.15,+23.780, +5.396,+1.044
1677060660,+3.15,+23.763, +5.401,+1.043
1677060960,+3.15,+23.797, +5.556,+1.044
1677061260,+3.15,+23.755, +5.612,+1.044
1677061560,+3.15,+23.772, +5.612,+1.044
1677061860,+3.15,+23.805, +5.633,+1.044
1677062160,+3.15,+23.780, +5.619,+1.043
1677062460,+3.15,+23.797, +5.640,+1.044
1677062760,+3.15,+23.789, +5.658,+1.045
1677063060,+3.15,+23.805, +5.650,+1.043
1677063360,+3.15,+23.797, +5.640,+1.043
1677063660,+3.15,+23.797, +5.669,+1.043
1677063960,+3.15,+23.822, +5.666,+1.044
1677064260,+3.15,+23.814, +5.672,+1.044
1677064560,+3.15,+23.789, +5.672,+1.043
1677064860,+3.15,+23.797, +5.676,+1.043
1677065160,+3.15,+23.814, +5.714,+1.045
1677065460,+3.15,+23.797, +5.700,+1.043
1677065760,+3.15,+23.839, +5.709,+1.044
1677066060,+3.15,+23.839, +5.722,+1.044
1677066360,+3.15,+23.839, +5.720,+1.043
1677066660,+3.15,+23.864, +5.727,+1.044
1677066960,+3.15,+23.881, +5.728,+1.044
1677067260,+3.15,+23.856, +5.724,+1.043
1677067560,+3.15,+23.873, +5.738,+1.043
1677067860,+3.15,+23.889, +5.734,+1.044
1677068160,+3.15,+23.898, +5.737,+1.043
1677068460,+3.15,+23.898, +5.764,+1.045
1677068760,+3.15,+23.948, +5.749,+1.044
1677069060,+3.15,+23.906, +5.770,+1.045
1677069360,+3.15,+23.957, +5.769,+1.044
1677069660,+3.15,+23.940, +5.785,+1.044
1677069960,+3.15,+23.973, +5.753,+1.044
1677070260,+3.15,+23.999, +5.772,+1.044
1677070560,+3.15,+24.066, +5.755,+1.043
1677070860,+3.15,+24.116, +5.703,+1.044
1677071160,+3.15,+24.142, +5.696,+1.045
1677071460,+3.15,+24.184, +5.755,+1.044
1677071760,+3.15,+24.200, +5.780,+1.044
1677072060,+3.15,+24.268, +5.784,+1.042
1677072360,+3.15,+24.284, +5.779,+1.044
1677072660,+3.15,+24.318, +5.766,+1.045
1677072960,+3.15,+24.310, +5.760,+1.044
1677073260,+3.15,+24.343, +5.748,+1.044
1677073560,+3.15,+24.335, +5.731,+1.044
1677073860,+3.15,+24.369, +5.732,+1.044
1677074160,+3.15,+24.369, +5.746,+1.045
1677074460,+3.15,+24.385, +5.764,+1.043
1677074760,+3.15,+24.478, +5.807,+1.045
1677075060,+3.15,+24.520, +5.839,+1.045
1677075360,+3.15,+24.587, +5.813,+1.044
1677075660,+3.15,+24.646, +5.809,+1.044
1677075960,+3.15,+24.697, +5.835,+1.044
1677076260,+3.15,+24.789, +5.877,+1.043
1677076560,+3.15,+24.891, +5.928,+1.044
1677076860,+3.15,+24.924, +5.947,+1.044
1677077160,+3.15,+24.949, +5.949,+1.045
1677077460,+3.15,+24.958, +5.943,+1.044
1677077760,+3.15,+24.966, +5.974,+1.045
1677078060,+3.15,+25.008, +5.979,+1.044
1677078360,+3.15,+25.000, +5.982,+1.044
1677078660,+3.15,+25.000, +5.970,+1.044
1677078960,+3.15,+24.992, +5.956,+1.044
1677079260,+3.15,+24.975, +5.963,+1.045
1677079560,+3.15,+24.958, +5.943,+1.043
1677079860,+3.15,+24.975, +5.958,+1.044
1677080160,+3.15,+24.941, +5.993,+1.043
1677080460,+3.15,+24.983, +6.005,+1.043
1677080760,+3.15,+24.966, +6.017,+1.044
1677081060,+3.15,+24.983, +6.015,+1.044
1677081360,+3.15,+24.983, +6.003,+1.044
1677081660,+3.15,+24.983, +5.983,+1.044
1677081960,+3.15,+25.008, +5.987,+1.045
1677082260,+3.15,+24.992, +5.960,+1.044
1677082560,+3.15,+24.992, +5.952,+1.044
1677082860,+3.15,+25.076, +6.047,+1.044
1677083160,+3.15,+25.169, +6.078,+1.045
1677083460,+3.15,+25.194, +6.047,+1.045
1677083760,+3.15,+25.186, +6.016,+1.044
1677084060,+3.15,+25.194, +5.972,+1.044
1677084360,+3.15,+25.202, +5.921,+1.044
1677084660,+3.15,+25.219, +5.887,+1.045
1677084960,+3.15,+25.211, +5.861,+1.044
1677085260,+3.15,+25.236, +5.841,+1.044
1677085560,+3.15,+25.236, +5.853,+1.044
1677085860,+3.15,+25.261, +5.869,+1.043
1677086160,+3.15,+25.287, +5.972,+1.044
1677086460,+3.15,+25.253, +6.022,+1.045
1677086760,+3.15,+25.270, +6.060,+1.045
1677087060,+3.15,+25.278, +6.050,+1.044
1677087360,+3.15,+25.261, +6.043,+1.043
1677087660,+3.15,+25.287, +6.092,+1.045
1677087960,+3.15,+25.295, +6.105,+1.045
1677088260,+3.15,+25.287, +6.116,+1.045
1677088560,+3.15,+25.287, +6.117,+1.044
1677088860,+3.15,+25.295, +6.134,+1.045
1677089160,+3.15,+25.304, +6.146,+1.045
1677089460,+3.15,+25.278, +6.113,+1.043
1677089760,+3.15,+25.211, +6.123,+1.044
1677090060,+3.15,+25.194, +6.115,+1.044
1677090360,+3.15,+25.169, +6.104,+1.043
1677090660,+3.15,+25.160, +6.114,+1.044
1677090960,+3.15,+25.169, +6.116,+1.044
1677091260,+3.15,+25.169, +6.123,+1.045
1677091560,+3.15,+25.160, +6.125,+1.045
1677091860,+3.15,+25.143, +6.125,+1.044
1677092160,+3.15,+25.152, +6.136,+1.045
1677092460,+3.15,+25.160, +6.134,+1.045
