7450-018958
OS REV: 1.05 Sensor Cal: 1661958677
Time (sec),  BV (Volts),  T (deg C),  DO (mg/l),  Q ()
1679496300,+3.09,+25.066, +8.120,+0.969
1679496600,+3.09,+25.066, +8.158,+0.969
1679496900,+3.09,+25.050, +8.174,+0.970
1679497200,+3.09,+25.024, +8.212,+0.970
1679497500,+3.09,+25.007, +8.207,+0.969
1679497800,+3.09,+24.974, +8.224,+0.970
1679498100,+3.09,+25.016, +8.205,+0.970
1679498400,+3.09,+25.007, +8.215,+0.969
1679498700,+3.09,+25.007, +8.217,+0.969
1679499000,+3.09,+25.016, +8.238,+0.970
1679499300,+3.09,+24.999, +8.248,+0.970
1679499600,+3.09,+24.991, +8.248,+0.970
1679499900,+3.09,+25.016, +8.233,+0.970
1679500200,+3.09,+25.033, +8.234,+0.969
1679500500,+3.09,+25.016, +8.249,+0.970
1679500800,+3.09,+25.033, +8.238,+0.969
1679501100,+3.09,+25.058, +8.261,+0.970
1679501400,+3.09,+25.117, +8.264,+0.970
1679501700,+3.09,+25.134, +8.265,+0.970
1679502000,+3.09,+25.142, +8.270,+0.970
1679502300,+3.09,+25.142, +8.303,+0.970
1679502600,+3.09,+25.176, +8.339,+0.970
1679502900,+3.09,+25.218, +8.332,+0.970
1679503200,+3.09,+25.285, +8.316,+0.970
1679503500,+3.09,+25.336, +8.297,+0.970
1679503800,+3.09,+25.378, +8.288,+0.970
1679504100,+3.09,+25.403, +8.298,+0.970
1679504400,+3.09,+25.403, +8.298,+0.970
1679504700,+3.09,+25.403, +8.292,+0.970
1679505000,+3.09,+25.420, +8.298,+0.970
1679505300,+3.09,+25.445, +8.286,+0.969
1679505600,+3.09,+25.445, +8.300,+0.970
1679505900,+3.09,+25.462, +8.282,+0.970
1679506200,+3.09,+25.454, +8.318,+0.970
1679506500,+3.09,+25.471, +8.284,+0.970
1679506800,+3.10,+25.479, +8.299,+0.970
1679507100,+3.09,+25.496, +8.315,+0.970
1679507400,+3.09,+25.504, +8.311,+0.970
1679507700,+3.09,+25.504, +8.352,+0.970
1679508000,+3.10,+25.513, +8.331,+0.970
1679508300,+3.10,+25.521, +8.365,+0.970
1679508600,+3.09,+25.521, +8.371,+0.969
1679508900,+3.09,+25.538, +8.397,+0.970
1679509200,+3.09,+25.513, +8.411,+0.970
1679509500,+3.09,+25.487, +8.438,+0.970
1679509800,+3.09,+25.504, +8.437,+0.970
1679510100,+3.09,+25.496, +8.454,+0.970
1679510400,+3.10,+25.513, +8.429,+0.970
1679510700,+3.10,+25.471, +8.469,+0.970
1679511000,+3.09,+25.513, +8.439,+0.970
1679511300,+3.10,+25.504, +8.443,+0.969
1679511600,+3.09,+25.563, +8.441,+0.970
1679511900,+3.09,+25.580, +8.415,+0.970
1679512200,+3.09,+25.605, +8.475,+0.970
1679512500,+3.09,+25.631, +8.511,+0.970
1679512800,+3.09,+25.614, +8.472,+0.970
1679513100,+3.09,+25.605, +8.476,+0.970
1679513400,+3.09,+25.614, +8.487,+0.970
1679513700,+3.09,+25.631, +8.483,+0.970
1679514000,+3.09,+25.673, +8.471,+0.970
1679514300,+3.09,+25.690, +8.465,+0.970
1679514600,+3.09,+25.707, +8.449,+0.970
1679514900,+3.09,+25.681, +8.456,+0.970
1679515200,+3.09,+25.648, +8.460,+0.970
1679515500,+3.09,+25.656, +8.441,+0.970
1679515800,+3.09,+25.673, +8.415,+0.970
1679516100,+3.09,+25.614, +8.417,+0.970
1679516400,+3.09,+25.580, +8.449,+0.970
1679516700,+3.09,+25.580, +8.464,+0.970
1679517000,+3.09,+25.555, +8.464,+0.969
1679517300,+3.10,+25.546, +8.462,+0.969
1679517600,+3.09,+25.496, +8.485,+0.970
1679517900,+3.10,+25.479, +8.477,+0.969
1679518200,+3.09,+25.454, +8.493,+0.970
1679518500,+3.09,+25.454, +8.527,+0.970
1679518800,+3.09,+25.428, +8.525,+0.970
1679519100,+3.09,+25.454, +8.515,+0.970
1679519400,+3.09,+25.437, +8.501,+0.970
1679519700,+3.09,+25.445, +8.478,+0.970
1679520000,+3.09,+25.437, +8.464,+0.969
1679520300,+3.09,+25.437, +8.474,+0.970
1679520600,+3.09,+25.412, +8.460,+0.970
1679520900,+3.09,+25.395, +8.501,+0.970
1679521200,+3.09,+25.378, +8.496,+0.970
1679521500,+3.09,+25.361, +8.513,+0.970
1679521800,+3.09,+25.369, +8.484,+0.969
1679522100,+3.09,+25.336, +8.510,+0.970
1679522400,+3.09,+25.294, +8.561,+0.970
1679522700,+3.09,+25.285, +8.561,+0.971
1679523000,+3.09,+25.277, +8.537,+0.970
1679523300,+3.09,+25.294, +8.482,+0.969
1679523600,+3.09,+25.285, +8.469,+0.970
1679523900,+3.09,+25.285, +8.497,+0.970
1679524200,+3.09,+25.277, +8.465,+0.970
1679524500,+3.09,+25.268, +8.472,+0.970
1679524800,+3.09,+25.252, +8.452,+0.970
1679525100,+3.09,+25.193, +8.416,+0.970
1679525400,+3.09,+25.159, +8.457,+0.970
1679525700,+3.09,+25.193, +8.448,+0.970
1679526000,+3.09,+25.193, +8.431,+0.970
1679526300,+3.09,+25.167, +8.428,+0.970
1679526600,+3.09,+25.167, +8.423,+0.970
1679526900,+3.09,+25.151, +8.414,+0.970
1679527200,+3.09,+25.142, +8.419,+0.971
1679527500,+3.09,+25.092, +8.424,+0.970
1679527800,+3.09,+25.092, +8.416,+0.970
1679528100,+3.09,+25.092, +8.403,+0.970
1679528400,+3.09,+25.083, +8.418,+0.970
1679528700,+3.09,+25.075, +8.398,+0.970
1679529000,+3.09,+25.050, +8.402,+0.970
1679529300,+3.09,+25.041, +8.390,+0.969
1679529600,+3.09,+25.024, +8.403,+0.970
1679529900,+3.09,+25.016, +8.403,+0.970
1679530200,+3.09,+25.007, +8.383,+0.969
1679530500,+3.09,+25.007, +8.383,+0.970
1679530800,+3.09,+24.974, +8.383,+0.970
1679531100,+3.09,+24.974, +8.366,+0.970
1679531400,+3.09,+24.974, +8.344,+0.969
1679531700,+3.09,+24.949, +8.358,+0.970
1679532000,+3.09,+24.932, +8.371,+0.970
1679532300,+3.09,+24.923, +8.357,+0.970
1679532600,+3.09,+24.915, +8.351,+0.969
1679532900,+3.09,+24.898, +8.353,+0.970
1679533200,+3.09,+24.881, +8.352,+0.970
1679533500,+3.09,+24.873, +8.356,+0.970
1679533800,+3.09,+24.865, +8.343,+0.970
1679534100,+3.09,+24.856, +8.342,+0.970
1679534400,+3.09,+24.856, +8.347,+0.970
1679534700,+3.09,+24.848, +8.324,+0.970
1679535000,+3.09,+24.814, +8.339,+0.969
1679535300,+3.09,+24.822, +8.347,+0.970
1679535600,+3.09,+24.806, +8.330,+0.969
1679535900,+3.09,+24.806, +8.336,+0.970
1679536200,+3.09,+24.814, +8.324,+0.970
1679536500,+3.09,+24.797, +8.312,+0.969
1679536800,+3.09,+24.797, +8.305,+0.970
1679537100,+3.09,+24.772, +8.292,+0.970
1679537400,+3.09,+24.755, +8.286,+0.970
1679537700,+3.09,+24.772, +8.279,+0.970
1679538000,+3.09,+24.772, +8.258,+0.970
1679538300,+3.09,+24.764, +8.262,+0.969
1679538600,+3.09,+24.747, +8.275,+0.970
1679538900,+3.09,+24.747, +8.281,+0.970
1679539200,+3.09,+24.730, +8.278,+0.970
1679539500,+3.09,+24.730, +8.267,+0.969
1679539800,+3.09,+24.747, +8.261,+0.969
1679540100,+3.09,+24.730, +8.258,+0.970
1679540400,+3.09,+24.747, +8.258,+0.969
1679540700,+3.09,+24.730, +8.250,+0.970
1679541000,+3.09,+24.730, +8.237,+0.969
1679541300,+3.09,+24.722, +8.252,+0.970
1679541600,+3.09,+24.713, +8.223,+0.969
1679541900,+3.09,+24.738, +8.226,+0.969
1679542200,+3.09,+24.738, +8.222,+0.970
1679542500,+3.09,+24.713, +8.229,+0.969
1679542800,+3.09,+24.713, +8.218,+0.969
1679543100,+3.09,+24.713, +8.223,+0.970
1679543400,+3.09,+24.696, +8.215,+0.969
1679543700,+3.09,+24.696, +8.220,+0.970
1679544000,+3.09,+24.705, +8.210,+0.970
1679544300,+3.09,+24.705, +8.211,+0.969
1679544600,+3.09,+24.696, +8.214,+0.970
1679544900,+3.09,+24.713, +8.195,+0.970
1679545200,+3.09,+24.688, +8.204,+0.970
1679545500,+3.09,+24.688, +8.194,+0.969
1679545800,+3.09,+24.671, +8.190,+0.969
1679546100,+3.09,+24.680, +8.193,+0.969
1679546400,+3.09,+24.688, +8.181,+0.969
1679546700,+3.09,+24.671, +8.193,+0.970
1679547000,+3.09,+24.680, +8.188,+0.969
1679547300,+3.09,+24.663, +8.187,+0.970
1679547600,+3.09,+24.680, +8.189,+0.970
1679547900,+3.09,+24.688, +8.179,+0.969
1679548200,+3.09,+24.680, +8.175,+0.970
1679548500,+3.09,+24.680, +8.171,+0.970
1679548800,+3.09,+24.663, +8.167,+0.970
1679549100,+3.09,+24.680, +8.155,+0.969
1679549400,+3.09,+24.654, +8.160,+0.970
1679549700,+3.09,+24.663, +8.145,+0.969
1679550000,+3.09,+24.638, +8.145,+0.969
1679550300,+3.09,+24.663, +8.111,+0.969
1679550600,+3.09,+24.654, +8.119,+0.969
1679550900,+3.09,+24.663, +8.124,+0.970
1679551200,+3.09,+24.638, +8.123,+0.970
1679551500,+3.09,+24.629, +8.089,+0.969
1679551800,+3.09,+24.629, +8.104,+0.970
1679552100,+3.10,+24.612, +8.099,+0.970
1679552400,+3.09,+24.612, +8.083,+0.969
1679552700,+3.10,+24.612, +8.078,+0.969
1679553000,+3.10,+24.604, +8.073,+0.970
1679553300,+3.10,+24.587, +8.045,+0.969
1679553600,+3.10,+24.604, +8.046,+0.969
1679553900,+3.10,+24.587, +8.049,+0.969
1679554200,+3.10,+24.587, +8.064,+0.969
1679554500,+3.10,+24.587, +8.044,+0.969
1679554800,+3.10,+24.570, +8.009,+0.969
1679555100,+3.10,+24.570, +8.007,+0.970
1679555400,+3.09,+24.579, +7.969,+0.968
1679555700,+3.09,+24.596, +7.941,+0.969
1679556000,+3.10,+24.570, +7.954,+0.969
1679556300,+3.10,+24.562, +7.958,+0.969
1679556600,+3.10,+24.562, +7.940,+0.969
1679556900,+3.10,+24.562, +7.917,+0.969
1679557200,+3.10,+24.562, +7.929,+0.969
1679557500,+3.10,+24.562, +7.937,+0.969
1679557800,+3.10,+24.545, +7.949,+0.969
1679558100,+3.10,+24.570, +7.929,+0.969
1679558400,+3.10,+24.562, +7.968,+0.969
1679558700,+3.10,+24.554, +7.968,+0.969
1679559000,+3.10,+24.528, +7.988,+0.969
1679559300,+3.10,+24.520, +7.976,+0.969
1679559600,+3.10,+24.520, +8.004,+0.970
1679559900,+3.10,+24.528, +7.974,+0.969
1679560200,+3.10,+24.512, +7.995,+0.969
1679560500,+3.10,+24.495, +8.007,+0.969
1679560800,+3.10,+24.495, +8.028,+0.970
1679561100,+3.10,+24.520, +8.005,+0.969
1679561400,+3.10,+24.495, +8.010,+0.969
1679561700,+3.10,+24.503, +8.005,+0.969
1679562000,+3.10,+24.486, +7.967,+0.970
1679562300,+3.10,+24.478, +8.006,+0.969
1679562600,+3.10,+24.478, +8.036,+0.970
1679562900,+3.10,+24.470, +8.022,+0.969
1679563200,+3.10,+24.495, +8.046,+0.969
1679563500,+3.10,+24.512, +8.054,+0.969
1679563800,+3.10,+24.520, +8.058,+0.969
1679564100,+3.10,+24.520, +8.059,+0.969
1679564400,+3.10,+24.503, +8.071,+0.969
1679564700,+3.10,+24.537, +8.066,+0.969
1679565000,+3.10,+24.537, +8.064,+0.969
1679565300,+3.10,+24.528, +8.063,+0.970
1679565600,+3.10,+24.545, +8.054,+0.969
1679565900,+3.10,+24.545, +8.053,+0.969
1679566200,+3.10,+24.520, +8.066,+0.969
1679566500,+3.10,+24.537, +8.057,+0.969
1679566800,+3.10,+24.545, +8.071,+0.969
1679567100,+3.10,+24.537, +8.072,+0.969
1679567400,+3.10,+24.545, +8.078,+0.969
1679567700,+3.10,+24.562, +8.063,+0.969
1679568000,+3.10,+24.537, +8.071,+0.969
1679568300,+3.10,+24.554, +8.088,+0.969
1679568600,+3.10,+24.562, +8.082,+0.969
1679568900,+3.10,+24.545, +8.100,+0.970
1679569200,+3.10,+24.554, +8.095,+0.969
1679569500,+3.09,+24.545, +8.116,+0.970
1679569800,+3.10,+24.562, +8.084,+0.969
1679570100,+3.10,+24.562, +8.074,+0.969
1679570400,+3.10,+24.562, +8.081,+0.969
1679570700,+3.10,+24.554, +8.086,+0.969
1679571000,+3.09,+24.570, +8.096,+0.969
1679571300,+3.10,+24.570, +8.095,+0.970
1679571600,+3.10,+24.579, +8.128,+0.969
1679571900,+3.10,+24.562, +8.135,+0.969
1679572200,+3.09,+24.570, +8.126,+0.969
1679572500,+3.10,+24.579, +8.133,+0.970
1679572800,+3.10,+24.579, +8.138,+0.969
1679573100,+3.09,+24.579, +8.144,+0.969
1679573400,+3.09,+24.579, +8.176,+0.970
1679573700,+3.09,+24.596, +8.175,+0.970
1679574000,+3.10,+24.596, +8.173,+0.969
1679574300,+3.09,+24.587, +8.167,+0.969
1679574600,+3.09,+24.621, +8.183,+0.969
1679574900,+3.09,+24.654, +8.198,+0.970
1679575200,+3.09,+24.638, +8.206,+0.969
1679575500,+3.09,+24.671, +8.207,+0.970
1679575800,+3.09,+24.646, +8.228,+0.969
1679576100,+3.09,+24.671, +8.238,+0.970
1679576400,+3.09,+24.696, +8.223,+0.970
1679576700,+3.09,+24.713, +8.222,+0.970
1679577000,+3.09,+24.747, +8.231,+0.969
1679577300,+3.09,+24.814, +8.253,+0.970
1679577600,+3.09,+24.831, +8.262,+0.969
1679577900,+3.09,+24.839, +8.266,+0.969
1679578200,+3.09,+24.865, +8.254,+0.970
1679578500,+3.09,+24.898, +8.247,+0.969
1679578800,+3.09,+24.932, +8.258,+0.970
1679579100,+3.09,+24.974, +8.261,+0.970
1679579400,+3.09,+25.007, +8.282,+0.970
1679579700,+3.09,+24.999, +8.280,+0.970
1679580000,+3.09,+25.066, +8.279,+0.970
1679580300,+3.09,+25.033, +8.308,+0.970
1679580600,+3.09,+25.050, +8.297,+0.969
1679580900,+3.09,+25.058, +8.308,+0.969
1679581200,+3.09,+25.075, +8.340,+0.970
1679581500,+3.09,+25.075, +8.350,+0.969
1679581800,+3.09,+25.151, +8.387,+0.970
1679582100,+3.09,+25.260, +8.398,+0.970
1679582400,+3.09,+25.336, +8.400,+0.969
1679582700,+3.09,+25.378, +8.398,+0.969
