7450-018958
OS REV: 1.05 Sensor Cal: 1661958677
Time (sec),  BV (Volts),  T (deg C),  DO (mg/l),  Q ()
1672746900,+3.16,+25.951, +7.629,+0.967
1672747200,+3.15,+25.977, +7.632,+0.966
1672747500,+3.15,+25.993, +7.624,+0.966
1672747800,+3.15,+26.019, +7.600,+0.966
1672748100,+3.15,+26.019, +7.582,+0.966
1672748400,+3.15,+26.010, +7.599,+0.966
1672748700,+3.15,+26.036, +7.595,+0.966
1672749000,+3.15,+26.010, +7.590,+0.966
1672749300,+3.15,+26.010, +7.609,+0.966
1672749600,+3.15,+26.019, +7.608,+0.967
1672749900,+3.15,+26.010, +7.653,+0.966
1672750200,+3.15,+26.019, +7.680,+0.966
1672750500,+3.15,+25.993, +7.732,+0.966
1672750800,+3.15,+26.010, +7.722,+0.967
1672751100,+3.15,+26.086, +7.584,+0.966
1672751400,+3.15,+26.086, +7.732,+0.966
1672751700,+3.15,+26.086, +7.744,+0.966
1672752000,+3.15,+26.103, +7.670,+0.966
1672752300,+3.15,+26.137, +7.634,+0.967
1672752600,+3.15,+26.112, +7.775,+0.967
1672752900,+3.15,+26.120, +7.785,+0.967
1672753200,+3.15,+26.146, +7.771,+0.966
1672753500,+3.15,+26.120, +7.774,+0.966
1672753800,+3.15,+26.112, +7.780,+0.966
1672754100,+3.15,+26.120, +7.793,+0.966
1672754400,+3.15,+26.129, +7.790,+0.966
1672754700,+3.15,+26.120, +7.800,+0.966
1672755000,+3.15,+26.129, +7.803,+0.966
1672755300,+3.15,+26.129, +7.801,+0.966
1672755600,+3.15,+26.129, +7.783,+0.967
1672755900,+3.15,+26.179, +7.749,+0.966
1672756200,+3.15,+26.205, +7.755,+0.967
1672756500,+3.15,+26.162, +7.774,+0.966
1672756800,+3.15,+26.154, +7.778,+0.967
1672757100,+3.15,+26.154, +7.775,+0.966
1672757400,+3.15,+26.137, +7.781,+0.967
1672757700,+3.15,+26.146, +7.784,+0.966
1672758000,+3.15,+26.120, +7.790,+0.966
1672758300,+3.15,+26.137, +7.793,+0.966
1672758600,+3.15,+26.129, +7.776,+0.966
1672758900,+3.15,+26.146, +7.772,+0.966
1672759200,+3.15,+26.162, +7.769,+0.966
1672759500,+3.15,+26.137, +7.773,+0.966
1672759800,+3.15,+26.137, +7.803,+0.967
1672760100,+3.15,+26.112, +7.813,+0.966
1672760400,+3.15,+26.112, +7.806,+0.966
1672760700,+3.15,+26.112, +7.805,+0.966
1672761000,+3.15,+26.129, +7.794,+0.966
1672761300,+3.15,+26.146, +7.806,+0.967
1672761600,+3.15,+26.120, +7.805,+0.966
1672761900,+3.15,+26.112, +7.813,+0.966
1672762200,+3.15,+26.129, +7.813,+0.967
1672762500,+3.15,+26.112, +7.821,+0.966
1672762800,+3.15,+26.112, +7.817,+0.966
1672763100,+3.15,+26.095, +7.817,+0.966
1672763400,+3.15,+26.112, +7.818,+0.966
1672763700,+3.15,+26.095, +7.822,+0.966
1672764000,+3.15,+26.086, +7.830,+0.966
1672764300,+3.15,+26.078, +7.835,+0.966
1672764600,+3.15,+26.095, +7.795,+0.966
1672764900,+3.15,+26.095, +7.800,+0.966
1672765200,+3.15,+26.086, +7.802,+0.967
1672765500,+3.15,+26.095, +7.763,+0.965
1672765800,+3.15,+26.069, +7.796,+0.966
1672766100,+3.15,+26.061, +7.794,+0.966
1672766400,+3.15,+26.061, +7.796,+0.967
1672766700,+3.15,+26.078, +7.795,+0.967
1672767000,+3.15,+26.061, +7.802,+0.966
1672767300,+3.15,+26.044, +7.791,+0.966
1672767600,+3.15,+26.036, +7.794,+0.966
1672767900,+3.15,+26.044, +7.788,+0.966
1672768200,+3.15,+26.053, +7.790,+0.966
1672768500,+3.15,+26.061, +7.780,+0.966
1672768800,+3.15,+26.044, +7.753,+0.966
1672769100,+3.15,+26.069, +7.684,+0.966
1672769400,+3.15,+26.086, +7.674,+0.966
1672769700,+3.15,+26.061, +7.718,+0.966
1672770000,+3.15,+26.069, +7.727,+0.967
1672770300,+3.15,+26.044, +7.726,+0.966
1672770600,+3.15,+26.044, +7.715,+0.966
1672770900,+3.15,+26.069, +7.704,+0.966
1672771200,+3.15,+26.061, +7.706,+0.967
1672771500,+3.15,+26.053, +7.706,+0.966
1672771800,+3.15,+26.044, +7.692,+0.966
1672772100,+3.15,+26.036, +7.681,+0.966
1672772400,+3.15,+26.053, +7.682,+0.966
1672772700,+3.15,+26.036, +7.691,+0.967
1672773000,+3.15,+26.044, +7.676,+0.966
1672773300,+3.15,+26.027, +7.692,+0.967
1672773600,+3.15,+26.019, +7.684,+0.967
1672773900,+3.15,+26.010, +7.670,+0.966
1672774200,+3.15,+26.010, +7.665,+0.966
1672774500,+3.15,+26.010, +7.670,+0.966
1672774800,+3.15,+26.002, +7.668,+0.966
1672775100,+3.15,+25.993, +7.657,+0.966
1672775400,+3.15,+25.993, +7.647,+0.966
1672775700,+3.15,+25.985, +7.631,+0.966
1672776000,+3.15,+25.993, +7.646,+0.966
1672776300,+3.15,+25.985, +7.631,+0.967
1672776600,+3.15,+25.985, +7.628,+0.966
1672776900,+3.15,+25.977, +7.620,+0.966
1672777200,+3.15,+25.968, +7.609,+0.966
1672777500,+3.15,+25.968, +7.616,+0.967
1672777800,+3.15,+25.968, +7.621,+0.966
1672778100,+3.15,+25.960, +7.508,+0.966
1672778400,+3.15,+25.951, +7.595,+0.966
1672778700,+3.15,+25.960, +7.595,+0.966
1672779000,+3.15,+25.977, +7.592,+0.966
1672779300,+3.15,+25.960, +7.593,+0.966
1672779600,+3.15,+25.943, +7.586,+0.966
1672779900,+3.15,+25.951, +7.593,+0.966
1672780200,+3.15,+25.926, +7.588,+0.967
1672780500,+3.15,+25.926, +7.587,+0.966
1672780800,+3.15,+25.917, +7.582,+0.966
1672781100,+3.15,+25.917, +7.566,+0.966
1672781400,+3.15,+25.909, +7.573,+0.966
1672781700,+3.15,+25.901, +7.553,+0.966
1672782000,+3.15,+25.892, +7.553,+0.966
1672782300,+3.15,+25.901, +7.541,+0.966
1672782600,+3.15,+25.892, +7.540,+0.966
1672782900,+3.15,+25.884, +7.537,+0.966
1672783200,+3.15,+25.901, +7.555,+0.966
1672783500,+3.16,+25.867, +7.561,+0.966
1672783800,+3.15,+25.875, +7.557,+0.967
1672784100,+3.16,+25.884, +7.552,+0.966
1672784400,+3.15,+25.892, +7.535,+0.966
1672784700,+3.15,+25.875, +7.548,+0.967
1672785000,+3.15,+25.884, +7.530,+0.966
1672785300,+3.15,+25.875, +7.491,+0.965
1672785600,+3.15,+25.884, +7.466,+0.966
1672785900,+3.15,+25.884, +7.485,+0.966
1672786200,+3.15,+25.875, +7.479,+0.966
1672786500,+3.15,+25.858, +7.487,+0.966
1672786800,+3.15,+25.875, +7.482,+0.967
1672787100,+3.15,+25.875, +7.410,+0.966
1672787400,+3.15,+25.850, +7.422,+0.966
1672787700,+3.16,+25.850, +7.391,+0.966
1672788000,+3.15,+25.858, +7.440,+0.966
1672788300,+3.15,+25.858, +7.426,+0.966
1672788600,+3.15,+25.850, +7.433,+0.966
1672788900,+3.15,+25.858, +7.390,+0.966
1672789200,+3.15,+25.850, +7.407,+0.966
1672789500,+3.15,+25.850, +7.423,+0.966
1672789800,+3.15,+25.842, +7.418,+0.966
1672790100,+3.16,+25.833, +7.417,+0.966
1672790400,+3.16,+25.816, +7.422,+0.966
1672790700,+3.15,+25.825, +7.380,+0.966
1672791000,+3.15,+25.808, +7.423,+0.966
1672791300,+3.15,+25.816, +7.440,+0.966
1672791600,+3.16,+25.808, +7.458,+0.966
1672791900,+3.16,+25.791, +6.918,+0.965
1672792200,+3.15,+25.816, +7.452,+0.966
1672792500,+3.16,+25.791, +7.453,+0.966
1672792800,+3.16,+25.791, +7.140,+0.961
1672793100,+3.16,+25.791, +7.474,+0.966
1672793400,+3.16,+25.774, +7.469,+0.966
1672793700,+3.16,+25.774, +7.472,+0.966
1672794000,+3.16,+25.774, +7.482,+0.966
1672794300,+3.16,+25.757, +7.466,+0.966
1672794600,+3.16,+25.766, +7.446,+0.966
1672794900,+3.16,+25.757, +6.914,+0.964
1672795200,+3.15,+25.757, +7.294,+0.966
1672795500,+3.15,+25.757, +7.436,+0.966
1672795800,+3.16,+25.766, +7.435,+0.966
1672796100,+3.15,+25.740, +7.416,+0.966
1672796400,+3.15,+25.723, +7.424,+0.966
1672796700,+3.16,+25.749, +7.435,+0.966
1672797000,+3.16,+25.732, +7.406,+0.966
1672797300,+3.16,+25.715, +7.434,+0.966
1672797600,+3.16,+25.715, +7.426,+0.966
1672797900,+3.16,+25.723, +7.418,+0.966
1672798200,+3.16,+25.723, +7.412,+0.966
1672798500,+3.16,+25.732, +7.411,+0.966
1672798800,+3.16,+25.732, +7.399,+0.966
1672799100,+3.16,+25.723, +7.379,+0.966
1672799400,+3.16,+25.707, +7.265,+0.965
1672799700,+3.15,+25.732, +7.360,+0.966
1672800000,+3.16,+25.698, +7.396,+0.966
1672800300,+3.16,+25.698, +7.396,+0.966
1672800600,+3.16,+25.698, +7.390,+0.966
1672800900,+3.16,+25.690, +7.373,+0.966
1672801200,+3.16,+25.698, +7.356,+0.966
1672801500,+3.16,+25.698, +7.357,+0.966
1672801800,+3.16,+25.698, +7.358,+0.966
1672802100,+3.16,+25.698, +7.365,+0.966
1672802400,+3.16,+25.707, +7.356,+0.966
1672802700,+3.16,+25.681, +7.378,+0.966
1672803000,+3.16,+25.690, +7.376,+0.966
1672803300,+3.16,+25.656, +7.377,+0.965
1672803600,+3.16,+25.698, +7.377,+0.966
1672803900,+3.16,+25.664, +7.360,+0.966
1672804200,+3.16,+25.664, +7.380,+0.966
1672804500,+3.16,+25.673, +7.334,+0.966
1672804800,+3.16,+25.664, +7.346,+0.966
1672805100,+3.16,+25.656, +7.384,+0.966
1672805400,+3.16,+25.656, +7.394,+0.967
1672805700,+3.16,+25.664, +7.346,+0.966
1672806000,+3.16,+25.656, +7.374,+0.966
1672806300,+3.16,+25.656, +7.369,+0.966
1672806600,+3.16,+25.673, +7.355,+0.966
1672806900,+3.16,+25.664, +7.344,+0.966
1672807200,+3.16,+25.673, +7.330,+0.966
1672807500,+3.16,+25.656, +7.325,+0.966
1672807800,+3.16,+25.664, +7.318,+0.966
1672808100,+3.16,+25.656, +7.315,+0.967
1672808400,+3.16,+25.648, +7.303,+0.966
1672808700,+3.16,+25.664, +7.271,+0.966
1672809000,+3.16,+25.648, +7.276,+0.966
1672809300,+3.16,+25.639, +7.282,+0.966
1672809600,+3.16,+25.648, +7.283,+0.966
1672809900,+3.16,+25.631, +7.348,+0.966
1672810200,+3.16,+25.648, +7.310,+0.966
1672810500,+3.16,+25.648, +7.308,+0.965
1672810800,+3.16,+25.648, +7.301,+0.966
1672811100,+3.16,+25.656, +7.378,+0.966
1672811400,+3.16,+25.648, +7.382,+0.966
1672811700,+3.16,+25.648, +7.365,+0.966
1672812000,+3.16,+25.631, +7.357,+0.966
1672812300,+3.16,+25.648, +7.341,+0.966
1672812600,+3.16,+25.639, +7.355,+0.965
1672812900,+3.16,+25.631, +7.361,+0.966
1672813200,+3.16,+25.639, +7.361,+0.966
1672813500,+3.16,+25.631, +7.366,+0.966
1672813800,+3.16,+25.631, +7.367,+0.966
1672814100,+3.16,+25.639, +7.353,+0.965
1672814400,+3.16,+25.622, +7.368,+0.966
1672814700,+3.16,+25.631, +7.361,+0.966
1672815000,+3.16,+25.639, +7.357,+0.966
1672815300,+3.16,+25.631, +7.369,+0.966
1672815600,+3.16,+25.639, +7.380,+0.966
1672815900,+3.16,+25.622, +7.392,+0.966
1672816200,+3.16,+25.639, +7.393,+0.966
1672816500,+3.16,+25.639, +7.372,+0.966
1672816800,+3.16,+25.597, +7.384,+0.966
1672817100,+3.16,+25.622, +7.381,+0.966
1672817400,+3.16,+25.622, +7.384,+0.966
1672817700,+3.16,+25.622, +7.381,+0.966
1672818000,+3.16,+25.622, +7.407,+0.966
1672818300,+3.16,+25.622, +7.412,+0.966
1672818600,+3.16,+25.622, +7.402,+0.966
1672818900,+3.16,+25.614, +7.411,+0.966
1672819200,+3.16,+25.622, +7.409,+0.965
1672819500,+3.16,+25.631, +7.417,+0.966
1672819800,+3.16,+25.622, +7.418,+0.966
1672820100,+3.16,+25.622, +7.408,+0.965
1672820400,+3.16,+25.605, +7.433,+0.966
1672820700,+3.16,+25.622, +7.424,+0.966
1672821000,+3.16,+25.622, +7.407,+0.965
1672821300,+3.16,+25.639, +7.429,+0.966
1672821600,+3.16,+25.648, +7.429,+0.966
1672821900,+3.16,+25.648, +7.432,+0.966
1672822200,+3.16,+25.664, +7.448,+0.966
1672822500,+3.16,+25.639, +7.440,+0.966
1672822800,+3.15,+25.673, +7.421,+0.966
1672823100,+3.16,+25.648, +7.424,+0.966
1672823400,+3.16,+25.656, +7.442,+0.966
1672823700,+3.16,+25.639, +7.453,+0.966
1672824000,+3.16,+25.681, +7.430,+0.966
1672824300,+3.16,+25.690, +7.445,+0.966
1672824600,+3.16,+25.681, +7.441,+0.966
1672824900,+3.16,+25.698, +7.429,+0.966
1672825200,+3.16,+25.681, +7.461,+0.966
1672825500,+3.15,+25.707, +7.439,+0.966
1672825800,+3.15,+25.707, +7.426,+0.965
1672826100,+3.16,+25.698, +7.428,+0.966
1672826400,+3.16,+25.707, +7.433,+0.966
1672826700,+3.16,+25.690, +7.444,+0.966
1672827000,+3.16,+25.715, +7.443,+0.966
1672827300,+3.16,+25.707, +7.450,+0.966
1672827600,+3.16,+25.740, +7.460,+0.966
1672827900,+3.16,+25.757, +7.457,+0.966
1672828200,+3.16,+25.749, +7.442,+0.966
1672828500,+3.16,+25.749, +7.444,+0.966
1672828800,+3.15,+25.749, +7.418,+0.966
1672829100,+3.15,+25.766, +7.487,+0.967
1672829400,+3.15,+25.740, +7.504,+0.966
1672829700,+3.15,+25.740, +7.467,+0.966
1672830000,+3.15,+25.715, +7.540,+0.967
1672830300,+3.16,+25.707, +7.641,+0.967
1672830600,+3.15,+25.732, +7.580,+0.966
1672830900,+3.16,+25.757, +7.499,+0.966
1672831200,+3.15,+25.740, +7.585,+0.966
1672831500,+3.15,+25.757, +7.571,+0.966
1672831800,+3.15,+25.766, +7.514,+0.966
1672832100,+3.15,+25.749, +7.498,+0.966
1672832400,+3.16,+25.749, +7.587,+0.966
1672832700,+3.16,+25.749, +7.578,+0.966
1672833000,+3.15,+25.757, +7.591,+0.966
1672833300,+3.15,+25.740, +7.622,+0.966
