7450-018958
OS REV: 1.05 Sensor Cal: 1661958677
Time (sec),  BV (Volts),  T (deg C),  DO (mg/l),  Q ()
1681317000,+3.08,+24.125, +6.178,+0.964
1681317300,+3.08,+24.151, +6.292,+0.964
1681317600,+3.08,+24.084, +6.259,+0.964
1681317900,+3.08,+24.025, +6.211,+0.964
1681318200,+3.08,+24.016, +6.171,+0.964
1681318500,+3.08,+24.042, +6.124,+0.964
1681318800,+3.08,+24.050, +6.119,+0.964
1681319100,+3.08,+24.075, +6.125,+0.964
1681319400,+3.08,+24.075, +6.151,+0.964
1681319700,+3.08,+24.084, +6.139,+0.964
1681320000,+3.08,+24.084, +6.140,+0.965
1681320300,+3.08,+24.109, +6.121,+0.964
1681320600,+3.08,+24.084, +6.106,+0.964
1681320900,+3.08,+24.067, +6.103,+0.964
1681321200,+3.08,+24.084, +6.098,+0.964
1681321500,+3.08,+24.100, +6.084,+0.964
1681321800,+3.08,+24.084, +6.078,+0.964
1681322100,+3.08,+24.109, +6.038,+0.964
1681322400,+3.08,+24.125, +5.989,+0.964
1681322700,+3.08,+24.167, +6.034,+0.964
1681323000,+3.08,+24.193, +5.962,+0.964
1681323300,+3.08,+24.209, +5.853,+0.964
1681323600,+3.08,+24.209, +5.822,+0.964
1681323900,+3.08,+24.226, +5.772,+0.964
1681324200,+3.08,+24.218, +6.033,+0.964
1681324500,+3.08,+24.226, +5.960,+0.964
1681324800,+3.08,+24.243, +5.896,+0.964
1681325100,+3.08,+24.251, +5.835,+0.964
1681325400,+3.08,+24.209, +5.805,+0.964
1681325700,+3.08,+24.209, +5.770,+0.964
1681326000,+3.08,+24.218, +5.795,+0.964
1681326300,+3.08,+24.226, +5.795,+0.964
1681326600,+3.08,+24.218, +5.841,+0.964
1681326900,+3.08,+24.226, +5.823,+0.964
1681327200,+3.08,+24.226, +5.731,+0.964
1681327500,+3.08,+24.235, +5.666,+0.964
1681327800,+3.08,+24.243, +5.714,+0.964
1681328100,+3.08,+24.260, +5.754,+0.964
1681328400,+3.08,+24.277, +5.788,+0.964
1681328700,+3.08,+24.285, +5.756,+0.964
1681329000,+3.08,+24.327, +5.707,+0.964
1681329300,+3.09,+24.352, +5.799,+0.964
1681329600,+3.08,+24.310, +6.133,+0.964
1681329900,+3.08,+24.335, +6.067,+0.964
1681330200,+3.09,+24.344, +5.969,+0.964
1681330500,+3.08,+24.327, +5.957,+0.964
1681330800,+3.09,+24.302, +5.905,+0.964
1681331100,+3.08,+24.277, +5.883,+0.964
1681331400,+3.08,+24.243, +5.832,+0.964
1681331700,+3.08,+24.193, +5.798,+0.964
1681332000,+3.08,+24.193, +5.823,+0.964
1681332300,+3.08,+24.184, +5.776,+0.964
1681332600,+3.08,+24.184, +5.742,+0.964
1681332900,+3.08,+24.193, +5.690,+0.964
1681333200,+3.08,+24.218, +5.649,+0.964
1681333500,+3.08,+24.201, +5.718,+0.964
1681333800,+3.08,+24.209, +5.670,+0.964
1681334100,+3.08,+24.218, +5.720,+0.964
1681334400,+3.08,+24.243, +5.792,+0.964
1681334700,+3.08,+24.251, +5.778,+0.964
1681335000,+3.08,+24.218, +5.834,+0.964
1681335300,+3.08,+24.218, +5.848,+0.964
1681335600,+3.08,+24.193, +5.834,+0.964
1681335900,+3.08,+24.184, +5.778,+0.964
1681336200,+3.08,+24.193, +5.661,+0.964
1681336500,+3.08,+24.184, +5.589,+0.964
1681336800,+3.08,+24.184, +5.568,+0.964
1681337100,+3.08,+24.176, +5.522,+0.964
1681337400,+3.08,+24.176, +5.477,+0.964
1681337700,+3.08,+24.193, +5.454,+0.964
1681338000,+3.08,+24.176, +5.514,+0.964
1681338300,+3.08,+24.193, +5.511,+0.964
1681338600,+3.08,+24.176, +5.468,+0.964
1681338900,+3.08,+24.151, +5.449,+0.964
1681339200,+3.08,+24.167, +5.554,+0.964
1681339500,+3.08,+24.176, +5.577,+0.964
1681339800,+3.08,+24.167, +5.587,+0.964
1681340100,+3.08,+24.176, +5.618,+0.964
1681340400,+3.08,+24.151, +5.609,+0.964
1681340700,+3.08,+24.167, +5.635,+0.963
1681341000,+3.08,+24.159, +5.612,+0.964
1681341300,+3.08,+24.151, +5.614,+0.964
1681341600,+3.08,+24.125, +5.538,+0.964
1681341900,+3.08,+24.142, +5.478,+0.964
1681342200,+3.08,+24.134, +5.517,+0.964
1681342500,+3.08,+24.117, +5.502,+0.964
1681342800,+3.08,+24.125, +5.448,+0.964
1681343100,+3.08,+24.109, +5.373,+0.964
1681343400,+3.08,+24.109, +5.420,+0.964
1681343700,+3.08,+24.075, +5.471,+0.964
1681344000,+3.08,+24.084, +5.482,+0.964
1681344300,+3.08,+24.084, +5.445,+0.964
1681344600,+3.08,+24.092, +5.415,+0.964
1681344900,+3.08,+24.067, +5.407,+0.964
1681345200,+3.08,+24.058, +5.423,+0.964
1681345500,+3.08,+24.033, +5.474,+0.964
1681345800,+3.08,+24.042, +5.468,+0.964
1681346100,+3.08,+24.033, +5.488,+0.964
1681346400,+3.08,+24.016, +5.434,+0.964
1681346700,+3.08,+24.008, +5.440,+0.964
1681347000,+3.08,+23.983, +5.470,+0.964
1681347300,+3.08,+23.991, +5.456,+0.964
1681347600,+3.08,+23.966, +5.565,+0.964
1681347900,+3.08,+23.975, +5.564,+0.964
1681348200,+3.08,+23.958, +5.657,+0.964
1681348500,+3.08,+23.958, +5.661,+0.964
1681348800,+3.08,+23.966, +5.666,+0.964
1681349100,+3.08,+23.949, +5.652,+0.964
1681349400,+3.08,+23.949, +5.595,+0.964
1681349700,+3.08,+23.949, +5.569,+0.964
1681350000,+3.08,+23.949, +5.559,+0.964
1681350300,+3.08,+23.933, +5.493,+0.964
1681350600,+3.08,+23.933, +5.501,+0.964
1681350900,+3.08,+23.933, +5.430,+0.964
1681351200,+3.08,+23.933, +5.446,+0.964
1681351500,+3.08,+23.916, +5.448,+0.964
1681351800,+3.08,+23.907, +5.386,+0.964
1681352100,+3.08,+23.907, +5.320,+0.964
1681352400,+3.08,+23.916, +5.365,+0.964
1681352700,+3.08,+23.907, +5.322,+0.964
1681353000,+3.08,+23.874, +5.299,+0.963
1681353300,+3.08,+23.866, +5.300,+0.964
1681353600,+3.09,+23.874, +5.266,+0.964
1681353900,+3.08,+23.866, +5.334,+0.964
1681354200,+3.09,+23.849, +5.378,+0.964
1681354500,+3.09,+23.874, +5.379,+0.964
1681354800,+3.09,+23.832, +5.315,+0.964
1681355100,+3.09,+23.849, +5.327,+0.964
1681355400,+3.09,+23.840, +5.305,+0.964
1681355700,+3.09,+23.824, +5.292,+0.964
1681356000,+3.09,+23.815, +5.325,+0.964
1681356300,+3.09,+23.790, +5.390,+0.964
1681356600,+3.09,+23.798, +5.423,+0.964
1681356900,+3.09,+23.798, +5.538,+0.964
1681357200,+3.09,+23.790, +5.696,+0.964
1681357500,+3.09,+23.773, +5.863,+0.964
1681357800,+3.09,+23.773, +5.939,+0.964
1681358100,+3.09,+23.748, +5.979,+0.964
1681358400,+3.09,+23.731, +5.989,+0.964
1681358700,+3.09,+23.731, +5.954,+0.964
1681359000,+3.09,+23.706, +6.014,+0.964
1681359300,+3.09,+23.715, +5.985,+0.964
1681359600,+3.09,+23.715, +5.957,+0.964
1681359900,+3.09,+23.690, +5.955,+0.964
1681360200,+3.09,+23.698, +5.911,+0.964
1681360500,+3.09,+23.690, +5.920,+0.964
1681360800,+3.09,+23.673, +5.931,+0.964
1681361100,+3.09,+23.656, +5.969,+0.964
1681361400,+3.09,+23.631, +6.047,+0.964
1681361700,+3.09,+23.606, +6.132,+0.964
1681362000,+3.09,+23.622, +6.204,+0.964
1681362300,+3.09,+23.622, +6.239,+0.964
1681362600,+3.09,+23.606, +6.225,+0.964
1681362900,+3.09,+23.597, +6.242,+0.964
1681363200,+3.09,+23.606, +6.256,+0.964
1681363500,+3.09,+23.589, +6.247,+0.964
1681363800,+3.09,+23.597, +6.262,+0.964
1681364100,+3.09,+23.581, +6.262,+0.964
1681364400,+3.09,+23.581, +6.244,+0.964
1681364700,+3.09,+23.581, +6.256,+0.965
1681365000,+3.09,+23.572, +6.236,+0.964
1681365300,+3.09,+23.572, +6.200,+0.964
1681365600,+3.09,+23.547, +6.195,+0.964
1681365900,+3.09,+23.547, +6.189,+0.964
1681366200,+3.09,+23.539, +6.183,+0.964
1681366500,+3.09,+23.555, +6.168,+0.964
1681366800,+3.09,+23.530, +6.133,+0.964
1681367100,+3.09,+23.463, +6.125,+0.964
1681367400,+3.09,+23.447, +6.156,+0.964
1681367700,+3.09,+23.447, +6.174,+0.964
1681368000,+3.09,+23.447, +6.183,+0.964
1681368300,+3.09,+23.455, +6.178,+0.964
1681368600,+3.09,+23.447, +6.189,+0.964
1681368900,+3.09,+23.455, +6.169,+0.964
1681369200,+3.09,+23.447, +6.144,+0.965
1681369500,+3.09,+23.438, +6.140,+0.964
1681369800,+3.09,+23.438, +6.115,+0.964
1681370100,+3.09,+23.430, +6.109,+0.964
1681370400,+3.09,+23.438, +6.067,+0.964
1681370700,+3.09,+23.447, +5.983,+0.964
1681371000,+3.09,+23.421, +5.959,+0.964
1681371300,+3.09,+23.413, +5.909,+0.964
1681371600,+3.09,+23.371, +5.824,+0.964
1681371900,+3.09,+23.363, +5.813,+0.964
1681372200,+3.09,+23.363, +5.808,+0.964
1681372500,+3.09,+23.338, +5.850,+0.964
1681372800,+3.09,+23.313, +5.814,+0.964
1681373100,+3.09,+23.287, +5.813,+0.964
1681373400,+3.09,+23.279, +5.823,+0.964
1681373700,+3.09,+23.254, +5.946,+0.964
1681374000,+3.09,+23.262, +5.991,+0.964
1681374300,+3.09,+23.246, +5.966,+0.964
1681374600,+3.08,+23.229, +5.885,+0.964
1681374900,+3.08,+23.212, +5.802,+0.964
1681375200,+3.08,+23.187, +5.700,+0.964
1681375500,+3.08,+23.204, +5.672,+0.964
1681375800,+3.08,+23.195, +5.607,+0.964
1681376100,+3.08,+23.162, +5.641,+0.964
1681376400,+3.08,+23.170, +5.644,+0.964
1681376700,+3.08,+23.128, +5.601,+0.964
1681377000,+3.08,+23.145, +5.585,+0.964
1681377300,+3.08,+23.153, +5.495,+0.964
1681377600,+3.08,+23.137, +5.452,+0.964
1681377900,+3.08,+23.128, +5.435,+0.964
1681378200,+3.08,+23.128, +5.427,+0.964
1681378500,+3.08,+23.145, +5.456,+0.964
1681378800,+3.08,+23.128, +5.483,+0.964
1681379100,+3.08,+23.120, +5.539,+0.964
1681379400,+3.08,+23.112, +5.705,+0.964
1681379700,+3.08,+23.120, +6.074,+0.965
1681380000,+3.08,+23.103, +6.144,+0.964
1681380300,+3.08,+23.095, +6.147,+0.964
1681380600,+3.08,+23.087, +6.092,+0.964
1681380900,+3.08,+23.078, +6.038,+0.964
1681381200,+3.08,+23.087, +5.971,+0.964
1681381500,+3.08,+23.070, +5.992,+0.964
1681381800,+3.08,+23.070, +5.957,+0.964
1681382100,+3.08,+23.061, +5.961,+0.964
1681382400,+3.08,+23.070, +5.978,+0.964
1681382700,+3.08,+23.053, +6.010,+0.964
1681383000,+3.08,+23.070, +6.123,+0.964
1681383300,+3.08,+23.061, +6.169,+0.964
1681383600,+3.08,+23.078, +6.153,+0.964
1681383900,+3.08,+23.061, +6.193,+0.964
1681384200,+3.08,+23.053, +6.204,+0.964
1681384500,+3.08,+23.070, +6.241,+0.964
1681384800,+3.08,+23.061, +6.221,+0.964
1681385100,+3.08,+23.070, +6.268,+0.964
1681385400,+3.08,+23.070, +6.270,+0.964
1681385700,+3.08,+23.070, +6.276,+0.965
1681386000,+3.08,+23.087, +6.272,+0.965
1681386300,+3.08,+23.103, +6.280,+0.964
1681386600,+3.08,+23.103, +6.295,+0.964
1681386900,+3.08,+23.112, +6.305,+0.964
1681387200,+3.08,+23.145, +6.330,+0.964
1681387500,+3.08,+23.137, +6.347,+0.964
1681387800,+3.08,+23.145, +6.366,+0.964
1681388100,+3.08,+23.170, +6.373,+0.965
1681388400,+3.08,+23.187, +6.376,+0.964
1681388700,+3.08,+23.204, +6.382,+0.964
1681389000,+3.08,+23.204, +6.384,+0.964
1681389300,+3.08,+23.220, +6.355,+0.964
1681389600,+3.08,+23.212, +6.347,+0.964
1681389900,+3.09,+23.262, +6.369,+0.964
1681390200,+3.09,+23.287, +6.367,+0.964
1681390500,+3.09,+23.287, +6.392,+0.964
1681390800,+3.09,+23.313, +6.405,+0.964
1681391100,+3.09,+23.346, +6.419,+0.964
1681391400,+3.09,+23.346, +6.442,+0.964
1681391700,+3.09,+23.371, +6.450,+0.964
1681392000,+3.09,+23.396, +6.480,+0.964
1681392300,+3.09,+23.421, +6.489,+0.964
1681392600,+3.09,+23.455, +6.503,+0.964
1681392900,+3.09,+23.488, +6.496,+0.964
1681393200,+3.09,+23.488, +6.499,+0.964
1681393500,+3.09,+23.514, +6.494,+0.964
1681393800,+3.09,+23.488, +6.497,+0.964
1681394100,+3.09,+23.505, +6.487,+0.964
1681394400,+3.09,+23.497, +6.474,+0.964
1681394700,+3.09,+23.488, +6.489,+0.965
1681395000,+3.09,+23.530, +6.503,+0.964
1681395300,+3.09,+23.522, +6.525,+0.964
1681395600,+3.09,+23.530, +6.522,+0.964
1681395900,+3.09,+23.564, +6.586,+0.964
1681396200,+3.09,+23.597, +6.589,+0.964
1681396500,+3.09,+23.622, +6.535,+0.964
1681396800,+3.09,+23.656, +6.619,+0.964
1681397100,+3.09,+23.690, +6.668,+0.964
1681397400,+3.09,+23.740, +6.682,+0.964
1681397700,+3.09,+23.765, +6.696,+0.965
1681398000,+3.09,+23.748, +6.701,+0.964
1681398300,+3.09,+23.765, +6.668,+0.964
1681398600,+3.09,+23.790, +6.643,+0.964
1681398900,+3.09,+23.807, +6.690,+0.964
1681399200,+3.09,+23.807, +6.710,+0.964
1681399500,+3.09,+23.832, +6.722,+0.964
1681399800,+3.09,+23.840, +6.671,+0.964
1681400100,+3.08,+23.882, +6.689,+0.964
1681400400,+3.08,+23.916, +6.730,+0.964
1681400700,+3.08,+23.975, +6.751,+0.965
1681401000,+3.08,+24.025, +6.728,+0.964
1681401300,+3.08,+24.067, +6.753,+0.964
1681401600,+3.08,+24.184, +6.739,+0.964
1681401900,+3.08,+24.226, +6.726,+0.964
1681402200,+3.08,+24.226, +6.689,+0.965
1681402500,+3.08,+24.277, +6.649,+0.964
1681402800,+3.08,+24.285, +6.663,+0.964
1681403100,+3.08,+24.318, +6.688,+0.964
1681403400,+3.08,+24.310, +6.700,+0.964
