7392-539680
OS REV: 1.11 Sensor Cal: 1466698906
Time (sec),  BV (Volts),  T (deg C),  DO (mg/l),  Q ()
1671196380,+3.08,+20.653, +3.718,+0.987
1671196680,+3.08,+19.531, +1.130,+0.980
1671196980,+3.08,+19.270, +0.610,+0.974
1671197280,+3.08,+19.245, +0.496,+0.972
1671197580,+3.08,+19.220, +0.465,+0.971
1671197880,+3.08,+19.262, +0.445,+0.971
1671198180,+3.08,+19.279, +0.481,+0.971
1671198480,+3.08,+19.245, +0.509,+0.973
1671198780,+3.08,+19.304, +0.520,+0.973
1671199080,+3.08,+19.396, +0.552,+0.974
1671199380,+3.08,+19.421, +0.615,+0.975
1671199680,+3.08,+19.472, +0.696,+0.976
1671199980,+3.08,+19.497, +0.783,+0.978
1671200280,+3.08,+19.522, +0.829,+0.978
1671200580,+3.08,+19.539, +0.838,+0.979
1671200880,+3.08,+19.564, +0.854,+0.979
1671201180,+3.08,+19.564, +0.857,+0.979
1671201480,+3.08,+19.648, +0.842,+0.979
1671201780,+3.08,+19.656, +0.844,+0.979
1671202080,+3.08,+19.665, +0.839,+0.979
1671202380,+3.08,+19.857, +0.879,+0.979
1671202680,+3.08,+20.050, +0.967,+0.981
1671202980,+3.08,+19.790, +0.977,+0.980
1671203280,+3.08,+19.749, +0.950,+0.980
1671203580,+3.08,+19.698, +0.926,+0.979
1671203880,+3.08,+19.757, +0.912,+0.980
1671204180,+3.08,+19.681, +0.901,+0.979
1671204480,+3.08,+19.648, +0.899,+0.979
1671204780,+3.08,+19.765, +0.902,+0.980
1671205080,+3.08,+19.925, +0.907,+0.980
1671205380,+3.08,+19.941, +0.935,+0.980
1671205680,+3.08,+19.966, +0.951,+0.980
1671205980,+3.08,+20.042, +0.966,+0.980
1671206280,+3.08,+20.075, +0.965,+0.981
1671206580,+3.08,+20.159, +0.947,+0.980
1671206880,+3.08,+20.184, +0.975,+0.981
1671207180,+3.08,+20.167, +1.050,+0.981
1671207480,+3.08,+20.201, +1.095,+0.982
1671207780,+3.08,+20.184, +1.140,+0.982
1671208080,+3.08,+20.167, +1.169,+0.982
1671208380,+3.08,+20.151, +1.172,+0.982
1671208680,+3.08,+20.167, +1.164,+0.982
1671208980,+3.08,+20.117, +1.148,+0.982
1671209280,+3.08,+20.075, +1.101,+0.981
1671209580,+3.08,+20.017, +1.012,+0.981
1671209880,+3.08,+20.008, +0.927,+0.980
1671210180,+3.08,+20.008, +0.873,+0.979
1671210480,+3.08,+20.000, +0.852,+0.979
1671210780,+3.08,+19.975, +0.836,+0.979
1671211080,+3.08,+19.941, +0.809,+0.978
1671211380,+3.08,+19.883, +0.790,+0.978
1671211680,+3.08,+19.933, +0.778,+0.978
1671211980,+3.08,+19.925, +0.768,+0.977
1671212280,+3.08,+19.857, +0.741,+0.977
1671212580,+3.08,+19.891, +0.734,+0.977
1671212880,+3.08,+19.866, +0.717,+0.977
1671213180,+3.08,+19.832, +0.714,+0.977
1671213480,+3.08,+19.790, +0.702,+0.976
1671213780,+3.08,+19.757, +0.704,+0.977
1671214080,+3.08,+19.723, +0.722,+0.977
1671214380,+3.08,+19.707, +0.751,+0.977
1671214680,+3.08,+19.631, +0.778,+0.978
1671214980,+3.08,+19.463, +0.734,+0.977
1671215280,+3.08,+19.396, +0.616,+0.975
1671215580,+3.08,+19.304, +0.526,+0.973
1671215880,+3.08,+19.304, +0.483,+0.972
1671216180,+3.08,+19.296, +0.453,+0.971
1671216480,+3.08,+19.228, +0.427,+0.971
1671216780,+3.08,+19.195, +0.378,+0.970
1671217080,+3.08,+19.144, +0.330,+0.968
1671217380,+3.08,+19.086, +0.281,+0.967
1671217680,+3.08,+19.077, +0.232,+0.966
1671217980,+3.08,+19.069, +0.203,+0.965
1671218280,+3.08,+19.069, +0.180,+0.964
1671218580,+3.08,+19.069, +0.152,+0.964
1671218880,+3.08,+19.102, +0.140,+0.963
1671219180,+3.08,+19.161, +0.151,+0.964
1671219480,+3.08,+19.245, +0.201,+0.965
1671219780,+3.08,+19.396, +0.355,+0.969
1671220080,+3.08,+19.430, +0.460,+0.972
1671220380,+3.08,+19.547, +0.531,+0.973
1671220680,+3.08,+19.623, +0.574,+0.975
1671220980,+3.08,+19.606, +0.639,+0.976
1671221280,+3.08,+19.749, +0.740,+0.978
1671221580,+3.08,+19.841, +0.778,+0.978
1671221880,+3.08,+19.866, +0.787,+0.978
1671222180,+3.08,+19.857, +0.789,+0.978
1671222480,+3.08,+19.782, +0.785,+0.978
1671222780,+3.08,+19.849, +0.783,+0.978
1671223080,+3.08,+19.816, +0.777,+0.978
1671223380,+3.08,+19.681, +0.768,+0.978
1671223680,+3.08,+19.732, +0.744,+0.977
1671223980,+3.08,+19.623, +0.720,+0.977
1671224280,+3.08,+19.489, +0.686,+0.976
1671224580,+3.08,+19.438, +0.645,+0.975
1671224880,+3.08,+19.430, +0.599,+0.974
1671225180,+3.08,+19.338, +0.520,+0.973
1671225480,+3.08,+19.321, +0.409,+0.970
1671225780,+3.08,+19.371, +0.438,+0.971
1671226080,+3.08,+19.346, +0.423,+0.970
1671226380,+3.08,+19.287, +0.356,+0.969
1671226680,+3.08,+19.296, +0.317,+0.968
1671226980,+3.08,+19.296, +0.314,+0.968
1671227280,+3.08,+19.312, +0.356,+0.969
1671227580,+3.08,+19.329, +0.357,+0.969
1671227880,+3.08,+19.363, +0.403,+0.970
1671228180,+3.08,+19.363, +0.429,+0.971
1671228480,+3.08,+19.405, +0.469,+0.971
1671228780,+3.08,+19.447, +0.492,+0.972
1671229080,+3.08,+19.396, +0.460,+0.972
1671229380,+3.08,+19.396, +0.424,+0.971
1671229680,+3.08,+19.312, +0.386,+0.970
1671229980,+3.08,+19.237, +0.304,+0.968
1671230280,+3.08,+19.262, +0.273,+0.967
1671230580,+3.08,+19.287, +0.277,+0.967
1671230880,+3.08,+19.262, +0.259,+0.967
1671231180,+3.08,+19.279, +0.245,+0.966
1671231480,+3.08,+19.304, +0.258,+0.967
1671231780,+3.08,+19.321, +0.259,+0.967
1671232080,+3.08,+19.245, +0.256,+0.966
1671232380,+3.08,+19.237, +0.244,+0.967
1671232680,+3.08,+19.212, +0.218,+0.966
1671232980,+3.08,+19.170, +0.194,+0.965
1671233280,+3.08,+19.195, +0.199,+0.965
1671233580,+3.08,+19.161, +0.197,+0.965
1671233880,+3.08,+19.153, +0.187,+0.965
1671234180,+3.08,+19.186, +0.200,+0.965
1671234480,+3.08,+19.220, +0.223,+0.966
1671234780,+3.08,+19.254, +0.247,+0.967
1671235080,+3.08,+19.312, +0.239,+0.966
1671235380,+3.08,+19.329, +0.279,+0.968
1671235680,+3.08,+19.304, +0.311,+0.968
1671235980,+3.08,+19.203, +0.262,+0.967
1671236280,+3.08,+19.052, +0.165,+0.964
1671236580,+3.08,+19.052, +0.116,+0.963
1671236880,+3.08,+19.094, +0.087,+0.962
1671237180,+3.08,+19.086, +0.085,+0.962
1671237480,+3.08,+19.111, +0.084,+0.962
1671237780,+3.08,+19.161, +0.085,+0.962
1671238080,+3.08,+19.144, +0.084,+0.962
1671238380,+3.08,+19.178, +0.128,+0.964
1671238680,+3.08,+19.144, +0.137,+0.964
1671238980,+3.08,+19.228, +0.180,+0.965
1671239280,+3.08,+19.321, +0.329,+0.969
1671239580,+3.08,+19.312, +0.352,+0.970
1671239880,+3.08,+19.312, +0.383,+0.970
1671240180,+3.08,+19.329, +0.343,+0.969
1671240480,+3.08,+19.329, +0.347,+0.970
1671240780,+3.08,+19.254, +0.272,+0.967
1671241080,+3.08,+19.321, +0.323,+0.969
1671241380,+3.08,+19.312, +0.330,+0.969
1671241680,+3.08,+19.254, +0.271,+0.967
1671241980,+3.08,+19.296, +0.308,+0.968
1671242280,+3.08,+19.262, +0.279,+0.967
1671242580,+3.08,+19.262, +0.230,+0.966
1671242880,+3.08,+19.237, +0.213,+0.966
1671243180,+3.08,+19.228, +0.198,+0.965
1671243480,+3.08,+19.228, +0.188,+0.965
1671243780,+3.08,+19.195, +0.151,+0.964
1671244080,+3.08,+19.237, +0.222,+0.966
1671244380,+3.08,+19.354, +0.359,+0.970
1671244680,+3.08,+19.312, +0.407,+0.971
1671244980,+3.08,+19.363, +0.421,+0.971
1671245280,+3.08,+19.405, +0.442,+0.972
1671245580,+3.08,+19.463, +0.475,+0.972
1671245880,+3.08,+19.480, +0.500,+0.973
1671246180,+3.08,+19.455, +0.511,+0.973
1671246480,+3.08,+19.338, +0.401,+0.970
1671246780,+3.08,+19.170, +0.239,+0.966
1671247080,+3.08,+19.128, +0.112,+0.962
1671247380,+3.08,+19.153, +0.100,+0.962
1671247680,+3.08,+19.329, +0.184,+0.965
1671247980,+3.08,+19.505, +0.362,+0.969
1671248280,+3.08,+19.547, +0.477,+0.972
1671248580,+3.08,+19.547, +0.534,+0.974
1671248880,+3.08,+19.514, +0.528,+0.973
1671249180,+3.08,+19.480, +0.508,+0.973
1671249480,+3.08,+19.556, +0.472,+0.972
1671249780,+3.08,+19.531, +0.454,+0.972
1671250080,+3.08,+19.598, +0.456,+0.972
1671250380,+3.08,+19.614, +0.474,+0.972
1671250680,+3.08,+19.505, +0.530,+0.973
1671250980,+3.08,+19.447, +0.518,+0.973
1671251280,+3.08,+19.447, +0.473,+0.972
1671251580,+3.08,+19.421, +0.462,+0.972
1671251880,+3.08,+19.447, +0.471,+0.972
1671252180,+3.08,+19.438, +0.510,+0.973
1671252480,+3.08,+19.497, +0.591,+0.974
1671252780,+3.08,+19.463, +0.576,+0.974
1671253080,+3.08,+19.438, +0.537,+0.974
1671253380,+3.08,+19.354, +0.472,+0.972
1671253680,+3.08,+19.338, +0.367,+0.969
1671253980,+3.08,+19.363, +0.360,+0.969
1671254280,+3.08,+19.371, +0.393,+0.970
1671254580,+3.08,+19.371, +0.437,+0.971
1671254880,+3.08,+19.296, +0.336,+0.968
1671255180,+3.08,+19.312, +0.299,+0.968
1671255480,+3.08,+19.338, +0.385,+0.970
1671255780,+3.08,+19.363, +0.437,+0.971
1671256080,+3.08,+19.254, +0.305,+0.968
1671256380,+3.08,+19.212, +0.198,+0.965
1671256680,+3.08,+19.161, +0.133,+0.963
1671256980,+3.08,+19.144, +0.162,+0.964
1671257280,+3.08,+19.212, +0.257,+0.966
1671257580,+3.08,+19.270, +0.303,+0.968
1671257880,+3.08,+19.354, +0.376,+0.970
1671258180,+3.07,+19.396, +0.421,+0.971
1671258480,+3.08,+19.438, +0.456,+0.972
1671258780,+3.08,+19.455, +0.464,+0.972
1671259080,+3.08,+19.447, +0.467,+0.972
1671259380,+3.08,+19.463, +0.491,+0.972
1671259680,+3.08,+19.472, +0.502,+0.973
1671259980,+3.08,+19.539, +0.527,+0.973
1671260280,+3.08,+19.589, +0.576,+0.974
1671260580,+3.08,+19.581, +0.633,+0.975
1671260880,+3.08,+19.623, +0.659,+0.976
1671261180,+3.08,+19.656, +0.704,+0.977
1671261480,+3.08,+19.673, +0.774,+0.978
1671261780,+3.08,+19.698, +0.815,+0.978
1671262080,+3.08,+19.723, +0.794,+0.978
1671262380,+3.08,+19.749, +0.846,+0.979
1671262680,+3.08,+19.749, +0.878,+0.979
1671262980,+3.08,+19.790, +0.898,+0.979
1671263280,+3.08,+19.765, +0.891,+0.979
1671263580,+3.08,+19.816, +0.857,+0.979
1671263880,+3.08,+19.816, +0.827,+0.979
1671264180,+3.08,+19.832, +0.809,+0.978
1671264480,+3.08,+19.774, +0.798,+0.978
1671264780,+3.08,+19.782, +0.799,+0.978
1671265080,+3.08,+19.757, +0.771,+0.978
1671265380,+3.08,+19.723, +0.739,+0.977
1671265680,+3.08,+19.765, +0.739,+0.977
1671265980,+3.08,+19.765, +0.744,+0.977
1671266280,+3.08,+19.757, +0.737,+0.977
1671266580,+3.08,+19.707, +0.723,+0.977
1671266880,+3.08,+19.640, +0.706,+0.976
1671267180,+3.08,+19.665, +0.692,+0.976
1671267480,+3.08,+19.631, +0.671,+0.976
1671267780,+3.08,+19.623, +0.652,+0.975
1671268080,+3.08,+19.589, +0.633,+0.975
1671268380,+3.08,+19.598, +0.601,+0.975
1671268680,+3.08,+19.623, +0.579,+0.974
1671268980,+3.08,+19.598, +0.569,+0.974
1671269280,+3.08,+19.556, +0.568,+0.974
1671269580,+3.08,+19.564, +0.550,+0.973
1671269880,+3.08,+19.589, +0.534,+0.973
1671270180,+3.08,+19.606, +0.544,+0.974
1671270480,+3.08,+19.572, +0.566,+0.974
1671270780,+3.08,+19.539, +0.552,+0.973
1671271080,+3.08,+19.522, +0.530,+0.973
1671271380,+3.08,+19.564, +0.514,+0.973
1671271680,+3.08,+19.539, +0.512,+0.973
1671271980,+3.07,+19.556, +0.502,+0.972
1671272280,+3.08,+19.581, +0.480,+0.972
1671272580,+3.08,+19.623, +0.530,+0.973
1671272880,+3.08,+19.648, +0.612,+0.975
1671273180,+3.08,+19.606, +0.737,+0.977
1671273480,+3.08,+19.572, +0.651,+0.975
1671273780,+3.08,+19.572, +0.609,+0.975
1671274080,+3.08,+19.556, +0.589,+0.974
1671274380,+3.08,+19.589, +0.569,+0.974
1671274680,+3.08,+19.606, +0.654,+0.976
1671274980,+3.08,+19.631, +0.638,+0.975
1671275280,+3.08,+19.614, +0.671,+0.976
1671275580,+3.08,+19.648, +0.650,+0.976
1671275880,+3.08,+19.648, +0.748,+0.977
1671276180,+3.08,+19.631, +0.692,+0.976
1671276480,+3.08,+19.640, +0.637,+0.975
1671276780,+3.08,+19.623, +0.588,+0.974
1671277080,+3.08,+19.623, +0.554,+0.973
1671277380,+3.08,+19.589, +0.564,+0.974
1671277680,+3.08,+19.589, +0.600,+0.975
1671277980,+3.08,+19.623, +0.613,+0.975
1671278280,+3.07,+19.640, +0.711,+0.977
1671278580,+3.08,+19.631, +0.797,+0.978
1671278880,+3.08,+19.681, +0.868,+0.979
1671279180,+3.08,+19.715, +0.748,+0.977
1671279480,+3.08,+19.665, +0.704,+0.977
1671279780,+3.08,+19.698, +0.693,+0.976
1671280080,+3.08,+19.690, +0.681,+0.976
1671280380,+3.08,+19.707, +0.663,+0.976
1671280680,+3.08,+19.715, +0.665,+0.976
1671280980,+3.08,+19.690, +0.660,+0.976
1671281280,+3.08,+19.648, +0.620,+0.975
1671281580,+3.08,+19.640, +0.591,+0.974
1671281880,+3.08,+19.589, +0.538,+0.973
1671282180,+3.08,+19.539, +0.490,+0.972
1671282480,+3.08,+19.598, +0.520,+0.973
1671282780,+3.07,+19.623, +0.543,+0.974
