7392-539680
OS REV: 1.11 Sensor Cal: 1466698906
Time (sec),  BV (Volts),  T (deg C),  DO (mg/l),  Q ()
1667656860,+3.14,+18.354, +4.412,+0.987
1667657160,+3.13,+18.362, +4.670,+0.987
1667657460,+3.13,+18.337, +4.790,+0.987
1667657760,+3.13,+18.303, +4.818,+0.986
1667658060,+3.13,+18.261, +4.793,+0.986
1667658360,+3.13,+18.253, +4.743,+0.987
1667658660,+3.13,+18.261, +4.717,+0.987
1667658960,+3.13,+18.270, +4.692,+0.987
1667659260,+3.13,+18.261, +4.721,+0.987
1667659560,+3.13,+18.270, +4.747,+0.986
1667659860,+3.13,+18.295, +4.776,+0.987
1667660160,+3.13,+18.329, +4.769,+0.986
1667660460,+3.13,+18.345, +4.815,+0.986
1667660760,+3.13,+18.362, +4.821,+0.988
1667661060,+3.13,+18.430, +5.074,+0.986
1667661360,+3.13,+18.480, +5.140,+0.986
1667661660,+3.13,+18.581, +5.320,+0.987
1667661960,+3.13,+18.657, +5.468,+0.986
1667662260,+3.13,+18.691, +5.630,+0.987
1667662560,+3.13,+18.615, +5.734,+0.986
1667662860,+3.13,+18.539, +5.578,+0.986
1667663160,+3.13,+18.505, +5.421,+0.986
1667663460,+3.13,+18.531, +5.369,+0.986
1667663760,+3.13,+18.581, +5.339,+0.987
1667664060,+3.13,+18.598, +5.397,+0.987
1667664360,+3.13,+18.564, +5.567,+0.986
1667664660,+3.13,+18.497, +5.571,+0.986
1667664960,+3.13,+18.531, +5.761,+0.986
1667665260,+3.13,+18.514, +5.820,+0.986
1667665560,+3.13,+18.379, +5.634,+0.986
1667665860,+3.13,+18.413, +5.463,+0.986
1667666160,+3.13,+18.590, +5.763,+0.987
1667666460,+3.13,+18.236, +5.398,+0.986
1667666760,+3.13,+17.941, +4.898,+0.985
1667667060,+3.13,+17.679, +4.555,+0.986
1667667360,+3.13,+17.518, +4.240,+0.987
1667667660,+3.13,+17.425, +3.837,+0.987
1667667960,+3.13,+17.383, +3.463,+0.987
1667668260,+3.13,+17.374, +3.235,+0.987
1667668560,+3.13,+17.323, +3.154,+0.988
1667668860,+3.13,+17.306, +3.048,+0.988
1667669160,+3.13,+17.340, +3.008,+0.988
1667669460,+3.12,+17.383, +2.761,+0.988
1667669760,+3.13,+17.442, +2.891,+0.988
1667670060,+3.13,+17.417, +2.983,+0.988
1667670360,+3.12,+17.476, +2.933,+0.988
1667670660,+3.13,+17.433, +2.922,+0.988
1667670960,+3.13,+17.442, +3.055,+0.987
1667671260,+3.13,+17.476, +3.183,+0.988
1667671560,+3.12,+17.484, +3.359,+0.988
1667671860,+3.12,+17.450, +3.422,+0.988
1667672160,+3.13,+17.417, +3.370,+0.988
1667672460,+3.12,+17.391, +3.265,+0.987
1667672760,+3.12,+17.340, +3.209,+0.988
1667673060,+3.13,+17.332, +2.916,+0.988
1667673360,+3.12,+17.332, +2.539,+0.988
1667673660,+3.12,+17.290, +2.382,+0.987
1667673960,+3.12,+17.323, +2.321,+0.987
1667674260,+3.12,+17.340, +2.333,+0.987
1667674560,+3.13,+17.374, +2.363,+0.987
1667674860,+3.12,+17.366, +2.376,+0.987
1667675160,+3.13,+17.383, +2.568,+0.988
1667675460,+3.12,+17.340, +2.798,+0.988
1667675760,+3.12,+17.349, +2.841,+0.988
1667676060,+3.12,+17.340, +2.752,+0.988
1667676360,+3.12,+17.323, +2.697,+0.988
1667676660,+3.13,+17.323, +2.621,+0.988
1667676960,+3.12,+17.357, +2.552,+0.988
1667677260,+3.12,+17.408, +2.687,+0.988
1667677560,+3.12,+17.383, +2.689,+0.987
1667677860,+3.12,+17.315, +2.644,+0.987
1667678160,+3.12,+17.323, +2.562,+0.987
1667678460,+3.12,+17.332, +2.445,+0.987
1667678760,+3.13,+17.349, +2.246,+0.987
1667679060,+3.12,+17.340, +2.174,+0.987
1667679360,+3.12,+17.290, +2.030,+0.986
1667679660,+3.12,+17.290, +2.246,+0.988
1667679960,+3.12,+17.298, +2.557,+0.988
1667680260,+3.12,+17.298, +2.692,+0.988
1667680560,+3.12,+17.306, +2.766,+0.988
1667680860,+3.12,+17.281, +2.808,+0.987
1667681160,+3.12,+17.273, +2.844,+0.988
1667681460,+3.12,+17.273, +2.805,+0.988
1667681760,+3.13,+17.256, +2.726,+0.987
1667682060,+3.12,+17.290, +2.714,+0.987
1667682360,+3.12,+17.273, +2.758,+0.988
1667682660,+3.12,+17.298, +2.734,+0.988
1667682960,+3.12,+17.298, +2.821,+0.988
1667683260,+3.13,+17.298, +2.929,+0.987
1667683560,+3.12,+17.332, +3.021,+0.988
1667683860,+3.12,+17.290, +3.032,+0.988
1667684160,+3.12,+17.323, +3.003,+0.988
1667684460,+3.12,+17.306, +3.011,+0.988
1667684760,+3.12,+17.273, +2.903,+0.987
1667685060,+3.12,+17.281, +2.817,+0.988
1667685360,+3.12,+17.273, +2.806,+0.988
1667685660,+3.12,+17.273, +2.774,+0.988
1667685960,+3.12,+17.298, +2.883,+0.988
1667686260,+3.12,+17.323, +2.952,+0.988
1667686560,+3.12,+17.357, +2.910,+0.988
1667686860,+3.12,+17.442, +2.964,+0.988
1667687160,+3.12,+17.493, +3.156,+0.988
1667687460,+3.12,+17.527, +3.266,+0.988
1667687760,+3.12,+17.552, +3.381,+0.988
1667688060,+3.12,+17.577, +3.497,+0.988
1667688360,+3.13,+17.603, +3.622,+0.988
1667688660,+3.12,+17.611, +3.636,+0.988
1667688960,+3.12,+17.662, +3.643,+0.988
1667689260,+3.12,+17.721, +3.702,+0.987
1667689560,+3.12,+17.806, +3.897,+0.988
1667689860,+3.13,+17.839, +4.087,+0.987
1667690160,+3.13,+17.882, +4.165,+0.987
1667690460,+3.13,+17.898, +4.217,+0.987
1667690760,+3.12,+18.000, +4.503,+0.987
1667691060,+3.13,+17.949, +4.484,+0.987
1667691360,+3.13,+17.983, +4.370,+0.988
1667691660,+3.13,+17.924, +4.299,+0.987
1667691960,+3.13,+17.890, +4.262,+0.987
1667692260,+3.12,+17.856, +4.225,+0.987
1667692560,+3.12,+17.848, +4.143,+0.987
1667692860,+3.12,+17.789, +4.018,+0.988
1667693160,+3.12,+17.662, +3.808,+0.988
1667693460,+3.12,+17.653, +3.683,+0.988
1667693760,+3.12,+17.696, +3.619,+0.988
1667694060,+3.12,+17.670, +3.669,+0.988
1667694360,+3.12,+17.670, +3.671,+0.988
1667694660,+3.12,+17.670, +3.627,+0.987
1667694960,+3.12,+17.746, +3.658,+0.988
1667695260,+3.13,+17.729, +3.767,+0.987
1667695560,+3.13,+17.772, +3.945,+0.987
1667695860,+3.13,+17.856, +3.983,+0.987
1667696160,+3.12,+17.814, +4.007,+0.987
1667696460,+3.12,+17.721, +3.943,+0.988
1667696760,+3.12,+17.713, +3.808,+0.987
1667697060,+3.13,+17.687, +3.732,+0.987
1667697360,+3.12,+17.679, +3.694,+0.987
1667697660,+3.12,+17.653, +3.666,+0.988
1667697960,+3.12,+17.687, +3.624,+0.988
1667698260,+3.12,+17.670, +3.566,+0.987
1667698560,+3.12,+17.687, +3.537,+0.988
1667698860,+3.12,+17.704, +3.509,+0.988
1667699160,+3.12,+17.721, +3.479,+0.988
1667699460,+3.12,+17.713, +3.460,+0.988
1667699760,+3.12,+17.738, +3.442,+0.988
1667700060,+3.12,+17.738, +3.423,+0.988
1667700360,+3.12,+17.763, +3.406,+0.988
1667700660,+3.12,+17.746, +3.422,+0.987
1667700960,+3.12,+17.755, +3.441,+0.987
1667701260,+3.12,+17.780, +3.455,+0.988
1667701560,+3.12,+17.797, +3.467,+0.988
1667701860,+3.12,+17.848, +3.525,+0.987
1667702160,+3.12,+17.856, +3.593,+0.988
1667702460,+3.12,+17.797, +3.617,+0.988
1667702760,+3.12,+17.814, +3.627,+0.988
1667703060,+3.12,+17.839, +3.600,+0.987
1667703360,+3.12,+17.898, +3.591,+0.988
1667703660,+3.12,+17.865, +3.687,+0.987
1667703960,+3.12,+17.865, +3.797,+0.988
1667704260,+3.13,+17.898, +3.881,+0.988
1667704560,+3.12,+17.941, +3.907,+0.987
1667704860,+3.13,+17.941, +3.933,+0.987
1667705160,+3.13,+17.907, +3.938,+0.987
1667705460,+3.12,+17.873, +3.921,+0.988
1667705760,+3.12,+17.974, +3.864,+0.987
1667706060,+3.13,+18.033, +3.840,+0.988
1667706360,+3.13,+17.974, +3.842,+0.988
1667706660,+3.12,+17.907, +3.900,+0.988
1667706960,+3.12,+17.882, +3.896,+0.988
1667707260,+3.13,+17.932, +3.920,+0.988
1667707560,+3.12,+17.915, +3.928,+0.987
1667707860,+3.12,+17.848, +3.951,+0.988
1667708160,+3.13,+17.822, +3.955,+0.987
1667708460,+3.12,+17.848, +3.926,+0.987
1667708760,+3.12,+17.780, +3.927,+0.987
1667709060,+3.12,+17.755, +3.857,+0.988
1667709360,+3.12,+17.729, +3.814,+0.987
1667709660,+3.12,+17.704, +3.738,+0.988
1667709960,+3.12,+17.729, +3.712,+0.987
1667710260,+3.12,+17.763, +3.724,+0.988
1667710560,+3.12,+17.789, +3.743,+0.988
1667710860,+3.12,+17.806, +3.753,+0.987
1667711160,+3.12,+17.806, +3.839,+0.987
1667711460,+3.12,+17.848, +3.875,+0.987
1667711760,+3.12,+17.839, +3.913,+0.987
1667712060,+3.12,+17.865, +3.931,+0.988
1667712360,+3.12,+17.882, +3.914,+0.987
1667712660,+3.12,+17.882, +3.908,+0.988
1667712960,+3.12,+17.890, +3.893,+0.988
1667713260,+3.12,+17.907, +3.869,+0.987
1667713560,+3.13,+17.890, +3.824,+0.987
1667713860,+3.12,+17.907, +3.783,+0.987
1667714160,+3.12,+17.865, +3.757,+0.988
1667714460,+3.12,+17.907, +3.757,+0.988
1667714760,+3.12,+17.848, +3.735,+0.988
1667715060,+3.12,+17.865, +3.705,+0.987
1667715360,+3.12,+17.924, +3.680,+0.988
1667715660,+3.12,+17.915, +3.666,+0.987
1667715960,+3.12,+17.898, +3.671,+0.988
1667716260,+3.12,+17.839, +3.661,+0.987
1667716560,+3.13,+17.924, +3.643,+0.987
1667716860,+3.13,+17.941, +3.641,+0.988
1667717160,+3.13,+17.932, +3.632,+0.988
1667717460,+3.13,+17.991, +3.620,+0.988
1667717760,+3.13,+17.966, +3.716,+0.988
1667718060,+3.12,+18.033, +3.884,+0.988
1667718360,+3.12,+17.983, +3.983,+0.987
1667718660,+3.13,+18.059, +3.971,+0.987
1667718960,+3.13,+18.126, +4.229,+0.987
1667719260,+3.13,+18.168, +4.394,+0.987
1667719560,+3.13,+18.177, +4.444,+0.987
1667719860,+3.13,+18.253, +4.520,+0.987
1667720160,+3.12,+18.286, +4.662,+0.988
1667720460,+3.13,+18.362, +4.800,+0.987
1667720760,+3.13,+18.371, +4.862,+0.987
1667721060,+3.13,+18.430, +4.965,+0.987
1667721360,+3.13,+18.421, +5.049,+0.987
1667721660,+3.12,+18.388, +5.058,+0.987
1667721960,+3.13,+18.421, +5.046,+0.987
1667722260,+3.13,+18.430, +5.001,+0.986
1667722560,+3.13,+18.413, +4.994,+0.986
1667722860,+3.13,+18.455, +4.940,+0.986
1667723160,+3.13,+18.531, +4.961,+0.986
1667723460,+3.13,+18.556, +5.023,+0.986
1667723760,+3.12,+18.472, +4.984,+0.986
1667724060,+3.12,+18.489, +4.986,+0.986
1667724360,+3.13,+18.531, +4.924,+0.986
1667724660,+3.13,+18.514, +4.912,+0.987
1667724960,+3.13,+18.455, +4.892,+0.987
1667725260,+3.13,+18.404, +4.925,+0.987
1667725560,+3.13,+18.430, +4.887,+0.987
1667725860,+3.13,+18.388, +4.895,+0.987
1667726160,+3.13,+18.388, +4.874,+0.987
1667726460,+3.13,+18.371, +4.936,+0.987
1667726760,+3.13,+18.354, +4.890,+0.986
1667727060,+3.13,+18.329, +4.721,+0.986
1667727360,+3.12,+18.295, +4.614,+0.987
1667727660,+3.13,+18.312, +4.564,+0.987
1667727960,+3.13,+18.244, +4.528,+0.986
1667728260,+3.12,+18.194, +4.473,+0.986
1667728560,+3.13,+18.211, +4.451,+0.987
1667728860,+3.13,+18.202, +4.409,+0.987
1667729160,+3.12,+18.152, +4.404,+0.987
1667729460,+3.13,+18.152, +4.429,+0.987
1667729760,+3.13,+18.143, +4.441,+0.987
1667730060,+3.13,+18.118, +4.499,+0.987
1667730360,+3.12,+18.109, +4.557,+0.987
1667730660,+3.13,+18.143, +4.582,+0.987
1667730960,+3.12,+18.202, +4.505,+0.987
1667731260,+3.13,+18.261, +4.513,+0.987
1667731560,+3.13,+18.253, +4.487,+0.987
1667731860,+3.13,+18.236, +4.514,+0.988
1667732160,+3.13,+18.202, +4.585,+0.987
1667732460,+3.13,+18.211, +4.647,+0.987
1667732760,+3.13,+18.160, +4.699,+0.987
1667733060,+3.13,+18.185, +4.758,+0.987
1667733360,+3.13,+18.177, +4.811,+0.987
1667733660,+3.12,+18.152, +4.855,+0.987
1667733960,+3.13,+18.135, +4.822,+0.986
1667734260,+3.12,+18.160, +4.732,+0.987
1667734560,+3.12,+18.202, +4.790,+0.986
1667734860,+3.12,+18.168, +5.244,+0.987
1667735160,+3.12,+18.168, +5.324,+0.986
1667735460,+3.12,+18.177, +5.261,+0.987
1667735760,+3.12,+18.168, +5.105,+0.986
1667736060,+3.12,+18.185, +5.024,+0.986
1667736360,+3.12,+18.211, +4.995,+0.987
1667736660,+3.12,+18.227, +4.932,+0.986
1667736960,+3.13,+18.253, +4.849,+0.986
1667737260,+3.12,+18.320, +4.710,+0.987
1667737560,+3.12,+18.303, +4.657,+0.987
1667737860,+3.12,+18.295, +4.671,+0.988
1667738160,+3.12,+18.329, +4.735,+0.987
1667738460,+3.13,+18.303, +4.718,+0.987
1667738760,+3.13,+18.286, +4.710,+0.987
1667739060,+3.13,+18.261, +4.683,+0.987
1667739360,+3.13,+18.253, +4.637,+0.987
1667739660,+3.12,+18.253, +4.625,+0.986
1667739960,+3.13,+18.286, +4.589,+0.987
1667740260,+3.12,+18.329, +4.512,+0.987
1667740560,+3.12,+18.354, +4.530,+0.987
1667740860,+3.13,+18.388, +4.490,+0.987
1667741160,+3.13,+18.396, +4.531,+0.987
1667741460,+3.12,+18.396, +4.472,+0.987
1667741760,+3.12,+18.371, +4.428,+0.987
1667742060,+3.12,+18.337, +4.430,+0.987
1667742360,+3.13,+18.396, +4.403,+0.987
1667742660,+3.13,+18.379, +4.425,+0.986
1667742960,+3.13,+18.430, +4.425,+0.988
1667743260,+3.13,+18.430, +4.507,+0.987
