7392-539680
OS REV: 1.11 Sensor Cal: 1466698906
Time (sec),  BV (Volts),  T (deg C),  DO (mg/l),  Q ()
1678039020,+3.11,+22.375, +0.081,+0.961
1678039320,+3.10,+22.417, +0.081,+0.962
1678039620,+3.10,+22.417, +0.081,+0.962
1678039920,+3.10,+22.358, +0.081,+0.961
1678040220,+3.10,+22.350, +0.081,+0.961
1678040520,+3.10,+22.292, +0.082,+0.961
1678040820,+3.10,+22.317, +0.081,+0.961
1678041120,+3.10,+22.317, +0.082,+0.962
1678041420,+3.10,+22.333, +0.080,+0.961
1678041720,+3.10,+22.250, +0.081,+0.961
1678042020,+3.10,+22.049, +0.082,+0.961
1678042320,+3.10,+22.016, +0.081,+0.961
1678042620,+3.10,+22.066, +0.081,+0.961
1678042920,+3.10,+22.175, +0.081,+0.961
1678043220,+3.10,+22.225, +0.082,+0.961
1678043520,+3.10,+22.166, +0.081,+0.961
1678043820,+3.10,+22.133, +0.081,+0.961
1678044120,+3.10,+22.150, +0.082,+0.961
1678044420,+3.10,+22.108, +0.082,+0.961
1678044720,+3.10,+22.024, +0.082,+0.961
1678045020,+3.10,+22.032, +0.082,+0.962
1678045320,+3.10,+22.032, +0.082,+0.961
1678045620,+3.10,+22.091, +0.082,+0.961
1678045920,+3.10,+22.141, +0.081,+0.961
1678046220,+3.10,+22.124, +0.082,+0.961
1678046520,+3.10,+22.166, +0.082,+0.962
1678046820,+3.10,+22.208, +0.081,+0.962
1678047120,+3.10,+22.208, +0.081,+0.961
1678047420,+3.10,+22.233, +0.081,+0.962
1678047720,+3.10,+22.258, +0.081,+0.961
1678048020,+3.10,+22.317, +0.081,+0.961
1678048320,+3.10,+22.275, +0.082,+0.962
1678048620,+3.10,+22.300, +0.082,+0.962
1678048920,+3.10,+22.250, +0.081,+0.961
1678049220,+3.10,+22.200, +0.081,+0.961
1678049520,+3.10,+22.250, +0.082,+0.961
1678049820,+3.10,+22.225, +0.081,+0.961
1678050120,+3.10,+22.216, +0.081,+0.961
1678050420,+3.10,+21.807, +0.081,+0.961
1678050720,+3.10,+21.765, +0.082,+0.961
1678051020,+3.10,+22.016, +0.082,+0.962
1678051320,+3.10,+22.141, +0.082,+0.962
1678051620,+3.10,+22.233, +0.082,+0.962
1678051920,+3.10,+22.258, +0.082,+0.961
1678052220,+3.10,+22.032, +0.081,+0.961
1678052520,+3.10,+21.815, +0.081,+0.961
1678052820,+3.10,+21.748, +0.081,+0.961
1678053120,+3.10,+21.790, +0.081,+0.961
1678053420,+3.10,+21.991, +0.080,+0.961
1678053720,+3.10,+21.966, +0.082,+0.961
1678054020,+3.10,+21.882, +0.082,+0.961
1678054320,+3.10,+21.790, +0.081,+0.961
1678054620,+3.10,+21.773, +0.082,+0.961
1678054920,+3.10,+21.874, +0.081,+0.962
1678055220,+3.10,+21.932, +0.083,+0.962
1678055520,+3.10,+21.974, +0.083,+0.962
1678055820,+3.10,+21.949, +0.082,+0.962
1678056120,+3.10,+21.932, +0.082,+0.962
1678056420,+3.10,+21.949, +0.081,+0.961
1678056720,+3.10,+21.957, +0.082,+0.961
1678057020,+3.10,+22.108, +0.082,+0.962
1678057320,+3.10,+22.225, +0.082,+0.962
1678057620,+3.10,+22.333, +0.081,+0.962
1678057920,+3.10,+22.300, +0.081,+0.962
1678058220,+3.10,+22.183, +0.081,+0.961
1678058520,+3.10,+22.099, +0.081,+0.961
1678058820,+3.10,+22.049, +0.082,+0.961
1678059120,+3.10,+22.083, +0.080,+0.961
1678059420,+3.10,+22.074, +0.082,+0.962
1678059720,+3.10,+22.091, +0.081,+0.961
1678060020,+3.10,+22.166, +0.081,+0.962
1678060320,+3.10,+22.175, +0.082,+0.962
1678060620,+3.10,+22.267, +0.081,+0.961
1678060920,+3.10,+22.258, +0.081,+0.961
1678061220,+3.10,+22.325, +0.081,+0.961
1678061520,+3.10,+22.375, +0.081,+0.961
1678061820,+3.10,+22.350, +0.082,+0.962
1678062120,+3.10,+22.283, +0.081,+0.961
1678062420,+3.10,+22.292, +0.082,+0.961
1678062720,+3.10,+22.133, +0.082,+0.961
1678063020,+3.10,+22.066, +0.081,+0.961
1678063320,+3.10,+22.016, +0.082,+0.961
1678063620,+3.10,+22.016, +0.082,+0.961
1678063920,+3.10,+22.007, +0.082,+0.962
1678064220,+3.10,+22.016, +0.082,+0.961
1678064520,+3.10,+22.016, +0.082,+0.961
1678064820,+3.10,+22.032, +0.082,+0.961
1678065120,+3.10,+22.032, +0.082,+0.962
1678065420,+3.10,+22.032, +0.082,+0.962
1678065720,+3.10,+22.016, +0.081,+0.961
1678066020,+3.10,+21.991, +0.082,+0.961
1678066320,+3.10,+22.016, +0.082,+0.962
1678066620,+3.10,+22.041, +0.082,+0.961
1678066920,+3.10,+22.108, +0.082,+0.962
1678067220,+3.10,+22.141, +0.081,+0.961
1678067520,+3.10,+22.200, +0.081,+0.962
1678067820,+3.10,+22.200, +0.082,+0.961
1678068120,+3.10,+22.208, +0.081,+0.961
1678068420,+3.10,+22.216, +0.082,+0.961
1678068720,+3.10,+22.233, +0.082,+0.962
1678069020,+3.10,+22.267, +0.082,+0.962
1678069320,+3.10,+22.292, +0.082,+0.962
1678069620,+3.10,+22.342, +0.081,+0.962
1678069920,+3.10,+22.317, +0.082,+0.962
1678070220,+3.10,+22.308, +0.082,+0.961
1678070520,+3.10,+22.300, +0.082,+0.961
1678070820,+3.10,+22.258, +0.082,+0.961
1678071120,+3.10,+22.267, +0.081,+0.962
1678071420,+3.10,+22.300, +0.082,+0.962
1678071720,+3.10,+22.308, +0.081,+0.961
1678072020,+3.10,+22.258, +0.082,+0.962
1678072320,+3.10,+22.241, +0.082,+0.961
1678072620,+3.10,+22.233, +0.082,+0.961
1678072920,+3.10,+22.292, +0.081,+0.962
1678073220,+3.10,+22.292, +0.082,+0.962
1678073520,+3.10,+22.275, +0.082,+0.962
1678073820,+3.10,+22.267, +0.082,+0.961
1678074120,+3.10,+22.283, +0.082,+0.961
1678074420,+3.10,+22.292, +0.080,+0.961
1678074720,+3.10,+22.308, +0.082,+0.961
1678075020,+3.10,+22.300, +0.081,+0.961
1678075320,+3.10,+22.325, +0.082,+0.962
1678075620,+3.10,+22.308, +0.082,+0.961
1678075920,+3.10,+22.308, +0.082,+0.962
1678076220,+3.10,+22.283, +0.082,+0.962
1678076520,+3.10,+22.325, +0.081,+0.961
1678076820,+3.10,+22.250, +0.082,+0.961
1678077120,+3.10,+22.208, +0.082,+0.961
1678077420,+3.10,+22.166, +0.081,+0.961
1678077720,+3.10,+22.150, +0.080,+0.961
1678078020,+3.10,+22.124, +0.080,+0.961
1678078320,+3.10,+22.083, +0.081,+0.961
1678078620,+3.10,+22.099, +0.081,+0.961
1678078920,+3.10,+22.116, +0.083,+0.962
1678079220,+3.10,+22.124, +0.081,+0.961
1678079520,+3.10,+22.133, +0.081,+0.962
1678079820,+3.10,+22.191, +0.081,+0.961
1678080120,+3.10,+22.233, +0.082,+0.962
1678080420,+3.10,+22.292, +0.082,+0.961
1678080720,+3.10,+22.267, +0.081,+0.961
1678081020,+3.10,+22.233, +0.082,+0.961
1678081320,+3.10,+22.216, +0.082,+0.962
1678081620,+3.10,+22.258, +0.082,+0.962
1678081920,+3.10,+22.275, +0.082,+0.961
1678082220,+3.10,+22.333, +0.082,+0.961
1678082520,+3.10,+22.350, +0.082,+0.962
1678082820,+3.10,+22.300, +0.081,+0.961
1678083120,+3.10,+22.275, +0.080,+0.961
1678083420,+3.10,+22.267, +0.081,+0.961
1678083720,+3.10,+22.267, +0.081,+0.961
1678084020,+3.10,+22.300, +0.081,+0.961
1678084320,+3.10,+22.275, +0.081,+0.961
1678084620,+3.10,+22.267, +0.082,+0.961
1678084920,+3.10,+22.317, +0.081,+0.961
1678085220,+3.10,+22.350, +0.082,+0.962
1678085520,+3.10,+22.342, +0.081,+0.962
1678085820,+3.10,+22.350, +0.082,+0.962
1678086120,+3.10,+22.367, +0.082,+0.962
1678086420,+3.10,+22.358, +0.082,+0.961
1678086720,+3.10,+22.367, +0.081,+0.961
1678087020,+3.10,+22.375, +0.081,+0.961
1678087320,+3.10,+22.342, +0.080,+0.961
1678087620,+3.10,+22.350, +0.082,+0.962
1678087920,+3.10,+22.375, +0.082,+0.962
1678088220,+3.10,+22.417, +0.082,+0.962
1678088520,+3.10,+22.392, +0.081,+0.961
1678088820,+3.10,+22.375, +0.081,+0.961
1678089120,+3.10,+22.375, +0.081,+0.961
1678089420,+3.10,+22.392, +0.082,+0.961
1678089720,+3.10,+22.434, +0.081,+0.961
1678090020,+3.10,+22.509, +0.083,+0.962
1678090320,+3.10,+22.526, +0.082,+0.962
1678090620,+3.10,+22.551, +0.081,+0.961
1678090920,+3.10,+22.567, +0.082,+0.961
1678091220,+3.10,+22.609, +0.082,+0.962
1678091520,+3.10,+22.626, +0.081,+0.961
1678091820,+3.10,+22.634, +0.081,+0.962
1678092120,+3.10,+22.659, +0.082,+0.962
1678092420,+3.10,+22.668, +0.082,+0.962
1678092720,+3.10,+22.685, +0.082,+0.962
1678093020,+3.10,+22.693, +0.082,+0.961
1678093320,+3.10,+22.718, +0.082,+0.962
1678093620,+3.10,+22.693, +0.082,+0.962
1678093920,+3.10,+22.576, +0.081,+0.961
1678094220,+3.10,+22.476, +0.082,+0.961
1678094520,+3.10,+22.425, +0.081,+0.961
1678094820,+3.10,+22.434, +0.082,+0.962
1678095120,+3.10,+22.417, +0.081,+0.961
1678095420,+3.10,+22.400, +0.083,+0.962
1678095720,+3.10,+22.400, +0.082,+0.962
1678096020,+3.10,+22.417, +0.082,+0.962
1678096320,+3.10,+22.367, +0.081,+0.962
1678096620,+3.10,+22.342, +0.082,+0.961
1678096920,+3.10,+22.409, +0.082,+0.961
1678097220,+3.10,+22.434, +0.081,+0.961
1678097520,+3.10,+22.409, +0.080,+0.961
1678097820,+3.10,+22.434, +0.083,+0.962
1678098120,+3.10,+22.467, +0.083,+0.962
1678098420,+3.10,+22.476, +0.082,+0.961
1678098720,+3.10,+22.484, +0.082,+0.961
1678099020,+3.10,+22.492, +0.082,+0.962
1678099320,+3.10,+22.509, +0.082,+0.962
1678099620,+3.10,+22.542, +0.081,+0.962
1678099920,+3.10,+22.559, +0.080,+0.961
1678100220,+3.10,+22.584, +0.082,+0.962
1678100520,+3.10,+22.567, +0.082,+0.962
1678100820,+3.10,+22.542, +0.083,+0.962
1678101120,+3.10,+22.643, +0.081,+0.962
1678101420,+3.10,+22.626, +0.081,+0.961
1678101720,+3.10,+22.651, +0.081,+0.962
1678102020,+3.10,+22.685, +0.082,+0.961
1678102320,+3.10,+22.693, +0.082,+0.962
1678102620,+3.10,+22.710, +0.082,+0.961
1678102920,+3.10,+22.760, +0.082,+0.962
1678103220,+3.10,+22.743, +0.081,+0.961
1678103520,+3.10,+22.768, +0.083,+0.962
1678103820,+3.10,+22.802, +0.081,+0.962
1678104120,+3.10,+22.777, +0.082,+0.962
1678104420,+3.10,+22.777, +0.082,+0.962
1678104720,+3.10,+22.810, +0.080,+0.961
1678105020,+3.10,+22.802, +0.082,+0.962
1678105320,+3.10,+22.802, +0.082,+0.962
1678105620,+3.10,+22.777, +0.082,+0.962
1678105920,+3.10,+22.785, +0.082,+0.962
1678106220,+3.10,+22.760, +0.083,+0.962
1678106520,+3.10,+22.827, +0.082,+0.962
1678106820,+3.10,+22.768, +0.082,+0.962
1678107120,+3.10,+22.693, +0.081,+0.961
1678107420,+3.10,+22.668, +0.081,+0.961
1678107720,+3.10,+22.643, +0.081,+0.961
1678108020,+3.10,+22.618, +0.082,+0.961
1678108320,+3.10,+22.626, +0.081,+0.961
1678108620,+3.10,+22.593, +0.081,+0.962
1678108920,+3.10,+22.492, +0.082,+0.961
1678109220,+3.10,+22.526, +0.081,+0.961
1678109520,+3.10,+22.517, +0.083,+0.962
1678109820,+3.10,+22.517, +0.082,+0.962
1678110120,+3.10,+22.542, +0.081,+0.962
1678110420,+3.10,+22.517, +0.082,+0.961
1678110720,+3.10,+22.526, +0.081,+0.961
1678111020,+3.10,+22.567, +0.081,+0.961
1678111320,+3.10,+22.559, +0.083,+0.962
1678111620,+3.10,+22.567, +0.082,+0.962
1678111920,+3.10,+22.584, +0.081,+0.961
1678112220,+3.10,+22.576, +0.082,+0.961
1678112520,+3.10,+22.542, +0.082,+0.961
1678112820,+3.10,+22.517, +0.082,+0.962
1678113120,+3.10,+22.492, +0.081,+0.961
1678113420,+3.10,+22.492, +0.082,+0.961
1678113720,+3.10,+22.517, +0.082,+0.962
1678114020,+3.10,+22.501, +0.082,+0.962
1678114320,+3.10,+22.534, +0.081,+0.962
1678114620,+3.10,+22.559, +0.082,+0.961
1678114920,+3.10,+22.542, +0.082,+0.962
1678115220,+3.10,+22.576, +0.081,+0.961
1678115520,+3.10,+22.576, +0.082,+0.961
1678115820,+3.10,+22.584, +0.081,+0.961
1678116120,+3.10,+22.609, +0.082,+0.962
1678116420,+3.10,+22.593, +0.082,+0.961
1678116720,+3.10,+22.626, +0.083,+0.962
1678117020,+3.10,+22.659, +0.081,+0.961
1678117320,+3.10,+22.659, +0.082,+0.962
1678117620,+3.10,+22.668, +0.083,+0.962
1678117920,+3.10,+22.685, +0.082,+0.962
1678118220,+3.10,+22.710, +0.081,+0.961
1678118520,+3.10,+22.710, +0.081,+0.962
1678118820,+3.10,+22.693, +0.082,+0.962
1678119120,+3.10,+22.626, +0.082,+0.961
1678119420,+3.10,+22.551, +0.081,+0.961
1678119720,+3.10,+22.450, +0.080,+0.961
1678120020,+3.10,+22.476, +0.082,+0.961
1678120320,+3.10,+22.559, +0.083,+0.962
1678120620,+3.10,+22.476, +0.083,+0.962
1678120920,+3.10,+22.551, +0.082,+0.961
1678121220,+3.10,+22.551, +0.082,+0.961
1678121520,+3.10,+22.517, +0.083,+0.962
1678121820,+3.10,+22.409, +0.080,+0.961
1678122120,+3.10,+22.409, +0.081,+0.961
1678122420,+3.10,+22.601, +0.082,+0.962
1678122720,+3.10,+22.634, +0.082,+0.962
1678123020,+3.10,+22.517, +0.082,+0.962
1678123320,+3.10,+22.392, +0.082,+0.961
1678123620,+3.10,+22.417, +0.082,+0.962
1678123920,+3.10,+22.409, +0.082,+0.961
1678124220,+3.10,+22.317, +0.082,+0.961
1678124520,+3.10,+22.300, +0.081,+0.961
1678124820,+3.10,+22.300, +0.082,+0.961
1678125120,+3.10,+22.250, +0.082,+0.961
1678125420,+3.10,+22.283, +0.080,+0.961
