7392-539680
OS REV: 1.11 Sensor Cal: 1466698906
Time (sec),  BV (Volts),  T (deg C),  DO (mg/l),  Q ()
1678819320,+3.09,+21.974, +0.081,+0.961
1678819620,+3.09,+21.949, +0.081,+0.961
1678819920,+3.09,+21.974, +0.081,+0.961
1678820220,+3.08,+21.982, +0.082,+0.961
1678820520,+3.09,+21.991, +0.082,+0.961
1678820820,+3.09,+22.032, +0.082,+0.961
1678821120,+3.09,+22.016, +0.081,+0.961
1678821420,+3.08,+22.041, +0.081,+0.961
1678821720,+3.09,+22.083, +0.081,+0.961
1678822020,+3.08,+22.116, +0.082,+0.961
1678822320,+3.09,+22.099, +0.081,+0.961
1678822620,+3.09,+22.058, +0.081,+0.961
1678822920,+3.09,+22.041, +0.080,+0.961
1678823220,+3.09,+22.049, +0.081,+0.961
1678823520,+3.08,+22.024, +0.082,+0.961
1678823820,+3.09,+22.016, +0.081,+0.961
1678824120,+3.09,+22.024, +0.082,+0.961
1678824420,+3.09,+22.049, +0.081,+0.961
1678824720,+3.08,+22.083, +0.082,+0.961
1678825020,+3.08,+22.091, +0.082,+0.961
1678825320,+3.08,+22.083, +0.081,+0.961
1678825620,+3.09,+22.108, +0.081,+0.961
1678825920,+3.09,+22.108, +0.082,+0.961
1678826220,+3.08,+22.116, +0.081,+0.961
1678826520,+3.09,+22.099, +0.082,+0.961
1678826820,+3.08,+22.108, +0.082,+0.961
1678827120,+3.09,+22.158, +0.081,+0.961
1678827420,+3.09,+22.191, +0.081,+0.961
1678827720,+3.08,+22.141, +0.081,+0.961
1678828020,+3.08,+22.141, +0.081,+0.961
1678828320,+3.08,+22.133, +0.082,+0.961
1678828620,+3.08,+22.166, +0.082,+0.961
1678828920,+3.08,+22.158, +0.082,+0.961
1678829220,+3.08,+22.133, +0.081,+0.961
1678829520,+3.08,+22.133, +0.081,+0.961
1678829820,+3.08,+22.108, +0.082,+0.960
1678830120,+3.08,+22.108, +0.082,+0.961
1678830420,+3.08,+22.091, +0.082,+0.961
1678830720,+3.08,+22.091, +0.081,+0.961
1678831020,+3.08,+22.083, +0.081,+0.961
1678831320,+3.08,+22.074, +0.082,+0.961
1678831620,+3.08,+22.083, +0.081,+0.961
1678831920,+3.08,+22.091, +0.081,+0.961
1678832220,+3.08,+22.058, +0.081,+0.961
1678832520,+3.08,+22.041, +0.082,+0.961
1678832820,+3.08,+22.041, +0.081,+0.961
1678833120,+3.08,+22.041, +0.082,+0.961
1678833420,+3.08,+22.049, +0.081,+0.961
1678833720,+3.08,+22.049, +0.082,+0.961
1678834020,+3.08,+22.066, +0.081,+0.961
1678834320,+3.08,+22.091, +0.080,+0.961
1678834620,+3.08,+22.108, +0.081,+0.961
1678834920,+3.08,+22.108, +0.081,+0.961
1678835220,+3.08,+22.108, +0.080,+0.961
1678835520,+3.08,+22.091, +0.082,+0.961
1678835820,+3.08,+22.083, +0.082,+0.961
1678836120,+3.08,+22.133, +0.082,+0.961
1678836420,+3.08,+22.124, +0.082,+0.961
1678836720,+3.08,+22.141, +0.081,+0.961
1678837020,+3.08,+22.141, +0.082,+0.961
1678837320,+3.09,+22.175, +0.081,+0.961
1678837620,+3.08,+22.175, +0.081,+0.961
1678837920,+3.08,+22.175, +0.082,+0.961
1678838220,+3.08,+22.183, +0.083,+0.961
1678838520,+3.09,+22.225, +0.082,+0.961
1678838820,+3.08,+22.225, +0.081,+0.961
1678839120,+3.08,+22.225, +0.081,+0.961
1678839420,+3.09,+22.250, +0.082,+0.961
1678839720,+3.08,+22.250, +0.082,+0.961
1678840020,+3.09,+22.258, +0.082,+0.961
1678840320,+3.08,+22.292, +0.083,+0.961
1678840620,+3.08,+22.300, +0.082,+0.961
1678840920,+3.08,+22.292, +0.081,+0.961
1678841220,+3.08,+22.308, +0.081,+0.961
1678841520,+3.09,+22.275, +0.082,+0.961
1678841820,+3.08,+22.275, +0.081,+0.961
1678842120,+3.08,+22.258, +0.082,+0.961
1678842420,+3.09,+22.308, +0.081,+0.961
1678842720,+3.08,+22.283, +0.082,+0.961
1678843020,+3.08,+22.300, +0.081,+0.961
1678843320,+3.08,+22.308, +0.082,+0.961
1678843620,+3.09,+22.350, +0.082,+0.961
1678843920,+3.08,+22.333, +0.081,+0.961
1678844220,+3.08,+22.342, +0.082,+0.961
1678844520,+3.08,+22.342, +0.082,+0.961
1678844820,+3.08,+22.367, +0.082,+0.961
1678845120,+3.09,+22.358, +0.081,+0.961
1678845420,+3.08,+22.375, +0.082,+0.961
1678845720,+3.08,+22.384, +0.081,+0.961
1678846020,+3.08,+22.358, +0.082,+0.961
1678846320,+3.08,+22.342, +0.080,+0.961
1678846620,+3.09,+22.358, +0.081,+0.961
1678846920,+3.09,+22.350, +0.081,+0.961
1678847220,+3.08,+22.350, +0.082,+0.961
1678847520,+3.09,+22.358, +0.082,+0.961
1678847820,+3.09,+22.384, +0.082,+0.961
1678848120,+3.09,+22.325, +0.081,+0.961
1678848420,+3.09,+22.342, +0.082,+0.961
1678848720,+3.08,+22.392, +0.082,+0.961
1678849020,+3.09,+22.384, +0.081,+0.961
1678849320,+3.09,+22.384, +0.081,+0.961
1678849620,+3.08,+22.409, +0.083,+0.961
1678849920,+3.08,+22.417, +0.082,+0.961
1678850220,+3.09,+22.417, +0.082,+0.961
1678850520,+3.08,+22.409, +0.082,+0.961
1678850820,+3.08,+22.425, +0.081,+0.961
1678851120,+3.09,+22.417, +0.081,+0.961
1678851420,+3.09,+22.417, +0.081,+0.961
1678851720,+3.08,+22.459, +0.082,+0.961
1678852020,+3.08,+22.434, +0.081,+0.961
1678852320,+3.08,+22.484, +0.081,+0.961
1678852620,+3.08,+22.492, +0.082,+0.961
1678852920,+3.08,+22.450, +0.082,+0.961
1678853220,+3.08,+22.459, +0.082,+0.961
1678853520,+3.08,+22.476, +0.081,+0.961
1678853820,+3.08,+22.484, +0.081,+0.961
1678854120,+3.08,+22.484, +0.081,+0.961
1678854420,+3.08,+22.492, +0.082,+0.961
1678854720,+3.08,+22.476, +0.081,+0.961
1678855020,+3.08,+22.450, +0.082,+0.961
1678855320,+3.08,+22.459, +0.082,+0.961
1678855620,+3.08,+22.484, +0.082,+0.961
1678855920,+3.08,+22.484, +0.081,+0.961
1678856220,+3.08,+22.484, +0.080,+0.961
1678856520,+3.09,+22.509, +0.081,+0.961
1678856820,+3.08,+22.509, +0.081,+0.961
1678857120,+3.08,+22.476, +0.083,+0.961
1678857420,+3.08,+22.492, +0.081,+0.961
1678857720,+3.08,+22.517, +0.081,+0.961
1678858020,+3.09,+22.509, +0.082,+0.961
1678858320,+3.08,+22.526, +0.081,+0.961
1678858620,+3.08,+22.526, +0.082,+0.961
1678858920,+3.09,+22.517, +0.081,+0.961
1678859220,+3.08,+22.509, +0.082,+0.961
1678859520,+3.08,+22.542, +0.081,+0.961
1678859820,+3.08,+22.584, +0.081,+0.961
1678860120,+3.08,+22.593, +0.082,+0.961
1678860420,+3.08,+22.584, +0.081,+0.961
1678860720,+3.08,+22.593, +0.081,+0.961
1678861020,+3.08,+22.567, +0.081,+0.961
1678861320,+3.08,+22.551, +0.082,+0.961
1678861620,+3.08,+22.542, +0.082,+0.961
1678861920,+3.08,+22.576, +0.081,+0.961
1678862220,+3.08,+22.584, +0.082,+0.961
1678862520,+3.08,+22.567, +0.080,+0.961
1678862820,+3.08,+22.559, +0.081,+0.961
1678863120,+3.08,+22.567, +0.081,+0.960
1678863420,+3.08,+22.576, +0.082,+0.961
1678863720,+3.08,+22.584, +0.081,+0.961
1678864020,+3.08,+22.618, +0.082,+0.961
1678864320,+3.08,+22.609, +0.082,+0.961
1678864620,+3.08,+22.609, +0.081,+0.961
1678864920,+3.08,+22.584, +0.081,+0.961
1678865220,+3.09,+22.576, +0.082,+0.961
1678865520,+3.08,+22.584, +0.081,+0.961
1678865820,+3.08,+22.609, +0.081,+0.961
1678866120,+3.08,+22.601, +0.082,+0.961
1678866420,+3.08,+22.601, +0.082,+0.961
1678866720,+3.09,+22.618, +0.082,+0.961
1678867020,+3.08,+22.618, +0.082,+0.961
1678867320,+3.08,+22.609, +0.082,+0.961
1678867620,+3.08,+22.584, +0.082,+0.961
1678867920,+3.08,+22.609, +0.082,+0.961
1678868220,+3.08,+22.601, +0.081,+0.961
1678868520,+3.08,+22.609, +0.081,+0.961
1678868820,+3.08,+22.618, +0.081,+0.961
1678869120,+3.08,+22.626, +0.081,+0.961
1678869420,+3.08,+22.659, +0.081,+0.961
1678869720,+3.08,+22.643, +0.083,+0.961
1678870020,+3.08,+22.659, +0.082,+0.961
1678870320,+3.08,+22.643, +0.082,+0.961
1678870620,+3.08,+22.668, +0.081,+0.961
1678870920,+3.08,+22.685, +0.081,+0.961
1678871220,+3.09,+22.701, +0.082,+0.961
1678871520,+3.08,+22.693, +0.082,+0.961
1678871820,+3.08,+22.726, +0.082,+0.961
1678872120,+3.08,+22.726, +0.082,+0.961
1678872420,+3.08,+22.751, +0.081,+0.961
1678872720,+3.08,+22.751, +0.082,+0.961
1678873020,+3.08,+22.743, +0.081,+0.961
1678873320,+3.08,+22.743, +0.081,+0.961
1678873620,+3.08,+22.743, +0.082,+0.961
1678873920,+3.08,+22.751, +0.081,+0.961
1678874220,+3.08,+22.726, +0.082,+0.961
1678874520,+3.08,+22.751, +0.082,+0.961
1678874820,+3.08,+22.701, +0.082,+0.961
1678875120,+3.08,+22.701, +0.082,+0.961
1678875420,+3.08,+22.685, +0.081,+0.961
1678875720,+3.08,+22.710, +0.082,+0.961
1678876020,+3.08,+22.651, +0.082,+0.961
1678876320,+3.08,+22.710, +0.082,+0.961
1678876620,+3.08,+22.668, +0.082,+0.961
1678876920,+3.08,+22.651, +0.081,+0.961
1678877220,+3.08,+22.668, +0.082,+0.961
1678877520,+3.08,+22.593, +0.082,+0.961
1678877820,+3.08,+22.601, +0.082,+0.961
1678878120,+3.08,+22.593, +0.080,+0.961
1678878420,+3.08,+22.567, +0.081,+0.961
1678878720,+3.09,+22.551, +0.081,+0.961
1678879020,+3.08,+22.542, +0.083,+0.961
1678879320,+3.08,+22.501, +0.082,+0.961
1678879620,+3.08,+22.542, +0.081,+0.961
1678879920,+3.08,+22.501, +0.083,+0.961
1678880220,+3.08,+22.501, +0.081,+0.961
1678880520,+3.08,+22.492, +0.081,+0.961
1678880820,+3.08,+22.785, +7.703,+0.987
