7392-539680
OS REV: 1.11 Sensor Cal: 1466698906
Time (sec),  BV (Volts),  T (deg C),  DO (mg/l),  Q ()
1680615480,+3.06,+24.141, +7.284,+0.987
1680615780,+3.06,+24.158, +7.271,+0.988
1680616080,+3.06,+24.158, +7.274,+0.986
1680616380,+3.06,+24.175, +7.319,+0.987
1680616680,+3.06,+24.183, +7.327,+0.986
1680616980,+3.06,+24.191, +7.351,+0.986
1680617280,+3.06,+24.191, +7.372,+0.987
1680617580,+3.06,+24.208, +7.357,+0.985
1680617880,+3.06,+24.217, +7.372,+0.986
1680618180,+3.06,+24.208, +7.351,+0.986
1680618480,+3.06,+24.242, +7.362,+0.987
1680618780,+3.06,+24.233, +7.362,+0.987
1680619080,+3.06,+24.217, +7.379,+0.987
1680619380,+3.06,+24.225, +7.356,+0.988
1680619680,+3.06,+24.258, +7.310,+0.987
1680619980,+3.06,+24.275, +7.320,+0.989
1680620280,+3.06,+24.292, +7.255,+0.987
1680620580,+3.06,+24.351, +7.271,+0.986
1680620880,+3.06,+24.342, +7.264,+0.986
1680621180,+3.06,+24.351, +7.246,+0.987
1680621480,+3.06,+24.342, +7.268,+0.988
1680621780,+3.06,+24.351, +7.232,+0.987
1680622080,+3.06,+24.326, +7.213,+0.988
1680622380,+3.06,+24.334, +7.142,+0.986
1680622680,+3.05,+24.275, +7.128,+0.987
1680622980,+3.06,+24.267, +7.148,+0.987
1680623280,+3.06,+24.258, +7.207,+0.987
1680623580,+3.06,+24.233, +7.135,+0.986
1680623880,+3.06,+24.208, +7.033,+0.987
1680624180,+3.06,+24.225, +6.986,+0.985
1680624480,+3.06,+24.183, +7.037,+0.987
1680624780,+3.06,+24.225, +7.029,+0.986
1680625080,+3.06,+24.208, +7.053,+0.986
1680625380,+3.06,+24.200, +6.960,+0.986
1680625680,+3.06,+24.200, +6.934,+0.987
1680625980,+3.06,+24.191, +6.917,+0.986
1680626280,+3.06,+24.183, +6.846,+0.987
1680626580,+3.06,+24.175, +6.883,+0.987
1680626880,+3.06,+24.175, +6.981,+0.987
1680627180,+3.06,+24.191, +6.990,+0.985
1680627480,+3.06,+24.217, +7.009,+0.986
1680627780,+3.06,+24.183, +7.012,+0.988
1680628080,+3.06,+24.175, +6.967,+0.986
1680628380,+3.06,+24.183, +6.953,+0.986
1680628680,+3.06,+24.191, +6.968,+0.986
1680628980,+3.06,+24.200, +6.999,+0.987
1680629280,+3.06,+24.191, +6.970,+0.987
1680629580,+3.06,+24.183, +6.964,+0.988
1680629880,+3.06,+24.166, +6.924,+0.985
1680630180,+3.06,+24.200, +6.921,+0.985
1680630480,+3.06,+24.208, +6.948,+0.985
1680630780,+3.06,+24.183, +6.917,+0.985
1680631080,+3.06,+24.158, +6.930,+0.986
1680631380,+3.06,+24.158, +6.966,+0.987
1680631680,+3.06,+24.175, +6.852,+0.986
1680631980,+3.06,+24.141, +6.841,+0.988
1680632280,+3.06,+24.183, +6.842,+0.986
1680632580,+3.06,+24.166, +6.952,+0.987
1680632880,+3.06,+24.158, +6.870,+0.987
1680633180,+3.06,+24.141, +6.814,+0.985
1680633480,+3.06,+24.149, +6.792,+0.986
1680633780,+3.06,+24.158, +6.802,+0.985
1680634080,+3.06,+24.158, +6.853,+0.987
1680634380,+3.06,+24.141, +6.831,+0.986
1680634680,+3.06,+24.124, +6.670,+0.986
1680634980,+3.06,+24.108, +6.583,+0.985
1680635280,+3.06,+24.099, +6.583,+0.987
1680635580,+3.06,+24.074, +6.154,+0.987
1680635880,+3.06,+24.049, +6.392,+0.987
1680636180,+3.06,+24.091, +6.537,+0.988
1680636480,+3.06,+24.074, +6.732,+0.988
1680636780,+3.06,+24.057, +6.988,+0.986
1680637080,+3.06,+24.066, +6.951,+0.987
1680637380,+3.06,+24.082, +6.740,+0.985
1680637680,+3.06,+24.066, +6.948,+0.986
1680637980,+3.06,+24.074, +6.924,+0.986
1680638280,+3.06,+24.066, +6.919,+0.986
1680638580,+3.06,+24.024, +6.847,+0.986
1680638880,+3.06,+24.066, +6.879,+0.987
1680639180,+3.06,+24.040, +6.907,+0.987
1680639480,+3.06,+24.049, +7.069,+0.987
1680639780,+3.06,+24.032, +7.083,+0.986
1680640080,+3.06,+24.024, +7.070,+0.987
1680640380,+3.06,+24.066, +7.050,+0.986
1680640680,+3.06,+24.057, +7.091,+0.987
1680640980,+3.06,+24.040, +7.110,+0.988
1680641280,+3.06,+24.049, +7.058,+0.986
1680641580,+3.06,+24.057, +7.065,+0.987
1680641880,+3.06,+24.049, +6.967,+0.987
1680642180,+3.05,+24.074, +6.980,+0.987
1680642480,+3.06,+24.040, +6.975,+0.986
1680642780,+3.06,+24.049, +6.980,+0.986
1680643080,+3.06,+24.049, +6.941,+0.986
1680643380,+3.06,+24.015, +6.899,+0.986
1680643680,+3.06,+24.066, +6.879,+0.986
1680643980,+3.06,+24.049, +6.869,+0.985
1680644280,+3.06,+24.049, +6.881,+0.986
1680644580,+3.06,+24.082, +6.870,+0.987
1680644880,+3.06,+24.024, +6.841,+0.986
1680645180,+3.06,+24.057, +6.779,+0.986
1680645480,+3.06,+24.074, +6.838,+0.988
1680645780,+3.06,+24.057, +6.842,+0.987
1680646080,+3.06,+24.049, +6.809,+0.986
1680646380,+3.06,+24.040, +6.772,+0.986
1680646680,+3.06,+24.074, +6.717,+0.986
1680646980,+3.06,+24.074, +6.694,+0.987
1680647280,+3.06,+24.057, +6.697,+0.986
1680647580,+3.06,+24.032, +6.690,+0.987
1680647880,+3.06,+24.049, +6.641,+0.986
1680648180,+3.05,+24.074, +6.633,+0.986
1680648480,+3.06,+24.066, +6.672,+0.986
1680648780,+3.06,+24.066, +6.724,+0.986
1680649080,+3.06,+24.049, +6.684,+0.985
1680649380,+3.06,+24.082, +6.639,+0.985
1680649680,+3.06,+24.040, +6.619,+0.986
1680649980,+3.06,+24.066, +6.561,+0.985
1680650280,+3.06,+24.074, +6.580,+0.985
1680650580,+3.06,+24.066, +6.612,+0.985
1680650880,+3.06,+24.066, +6.572,+0.986
1680651180,+3.06,+24.066, +6.592,+0.986
1680651480,+3.06,+24.091, +6.555,+0.986
1680651780,+3.06,+24.049, +6.578,+0.986
1680652080,+3.06,+24.074, +6.557,+0.986
1680652380,+3.05,+24.091, +6.566,+0.986
1680652680,+3.06,+24.108, +6.574,+0.987
1680652980,+3.06,+24.066, +6.516,+0.985
1680653280,+3.06,+24.074, +6.455,+0.986
1680653580,+3.06,+24.091, +6.432,+0.986
1680653880,+3.06,+24.082, +6.401,+0.986
1680654180,+3.06,+24.066, +6.372,+0.986
1680654480,+3.06,+24.074, +6.367,+0.985
1680654780,+3.06,+24.066, +6.347,+0.986
1680655080,+3.06,+24.082, +6.353,+0.987
1680655380,+3.06,+24.074, +6.286,+0.985
1680655680,+3.06,+24.082, +6.220,+0.985
1680655980,+3.06,+24.066, +6.175,+0.986
1680656280,+3.06,+24.099, +6.111,+0.986
1680656580,+3.06,+24.082, +6.158,+0.986
1680656880,+3.05,+24.082, +6.219,+0.985
1680657180,+3.06,+24.116, +6.314,+0.986
1680657480,+3.06,+24.116, +6.323,+0.985
1680657780,+3.06,+24.108, +6.394,+0.986
1680658080,+3.05,+24.116, +6.418,+0.985
1680658380,+3.06,+24.082, +6.468,+0.986
1680658680,+3.06,+24.108, +6.475,+0.986
1680658980,+3.06,+24.091, +6.403,+0.986
1680659280,+3.05,+24.108, +6.349,+0.986
1680659580,+3.06,+24.091, +6.347,+0.986
1680659880,+3.05,+24.099, +6.289,+0.985
1680660180,+3.06,+24.091, +6.310,+0.986
1680660480,+3.06,+24.091, +6.386,+0.985
1680660780,+3.05,+24.091, +6.410,+0.986
1680661080,+3.06,+24.082, +6.376,+0.985
1680661380,+3.06,+24.116, +6.328,+0.987
1680661680,+3.06,+24.099, +6.314,+0.985
1680661980,+3.06,+24.066, +6.370,+0.986
1680662280,+3.06,+24.074, +6.389,+0.986
1680662580,+3.06,+24.057, +6.463,+0.985
1680662880,+3.06,+24.066, +6.506,+0.984
1680663180,+3.06,+24.074, +6.536,+0.986
1680663480,+3.06,+24.074, +6.512,+0.985
1680663780,+3.06,+24.074, +6.495,+0.985
1680664080,+3.06,+24.057, +6.569,+0.986
1680664380,+3.06,+24.066, +6.602,+0.985
1680664680,+3.06,+24.040, +6.621,+0.985
1680664980,+3.06,+24.040, +6.610,+0.985
1680665280,+3.06,+24.057, +6.651,+0.986
1680665580,+3.06,+24.057, +6.676,+0.985
1680665880,+3.06,+24.024, +6.666,+0.986
1680666180,+3.06,+24.066, +6.630,+0.986
1680666480,+3.06,+24.057, +6.616,+0.985
1680666780,+3.06,+24.049, +6.633,+0.985
1680667080,+3.06,+24.066, +6.604,+0.985
1680667380,+3.06,+24.057, +6.602,+0.986
1680667680,+3.06,+24.049, +6.528,+0.984
1680667980,+3.06,+24.040, +6.560,+0.985
1680668280,+3.06,+24.066, +6.538,+0.985
1680668580,+3.05,+24.066, +6.571,+0.985
1680668880,+3.05,+24.040, +6.632,+0.985
1680669180,+3.06,+24.040, +6.639,+0.986
1680669480,+3.06,+24.066, +6.624,+0.985
1680669780,+3.06,+24.040, +6.627,+0.986
1680670080,+3.06,+24.066, +6.619,+0.985
1680670380,+3.06,+24.040, +6.662,+0.985
1680670680,+3.06,+24.049, +6.682,+0.986
1680670980,+3.06,+24.057, +6.677,+0.987
1680671280,+3.06,+24.049, +6.681,+0.986
1680671580,+3.05,+24.074, +6.677,+0.985
1680671880,+3.06,+24.057, +6.657,+0.985
1680672180,+3.06,+24.040, +6.639,+0.985
1680672480,+3.05,+24.066, +6.664,+0.986
1680672780,+3.06,+24.057, +6.688,+0.987
1680673080,+3.05,+24.074, +6.709,+0.985
1680673380,+3.06,+24.074, +6.668,+0.985
1680673680,+3.05,+24.057, +6.686,+0.985
1680673980,+3.06,+24.074, +6.719,+0.987
1680674280,+3.06,+24.057, +6.730,+0.985
1680674580,+3.05,+24.091, +6.768,+0.986
1680674880,+3.06,+24.082, +6.798,+0.987
1680675180,+3.06,+24.074, +6.812,+0.987
1680675480,+3.06,+24.082, +6.848,+0.988
1680675780,+3.05,+24.091, +6.831,+0.986
1680676080,+3.05,+24.066, +6.857,+0.986
1680676380,+3.06,+24.057, +6.858,+0.986
1680676680,+3.05,+24.082, +6.844,+0.988
1680676980,+3.06,+24.091, +6.836,+0.987
1680677280,+3.05,+24.049, +6.815,+0.985
1680677580,+3.05,+24.057, +6.812,+0.986
1680677880,+3.05,+24.074, +6.775,+0.986
1680678180,+3.05,+24.082, +6.761,+0.987
1680678480,+3.06,+24.074, +6.718,+0.986
1680678780,+3.05,+24.082, +6.682,+0.986
1680679080,+3.06,+24.074, +6.649,+0.986
1680679380,+3.06,+24.066, +6.625,+0.985
1680679680,+3.05,+24.091, +6.592,+0.985
1680679980,+3.06,+24.074, +6.583,+0.985
1680680280,+3.06,+24.066, +6.600,+0.986
1680680580,+3.05,+24.066, +6.573,+0.986
1680680880,+3.05,+24.074, +6.579,+0.986
1680681180,+3.05,+24.082, +6.589,+0.987
1680681480,+3.06,+24.066, +6.548,+0.986
1680681780,+3.06,+24.066, +6.544,+0.986
1680682080,+3.06,+24.066, +6.567,+0.987
1680682380,+3.06,+24.099, +6.618,+0.987
1680682680,+3.06,+24.057, +6.659,+0.986
1680682980,+3.06,+24.091, +6.643,+0.986
1680683280,+3.06,+24.082, +6.649,+0.988
1680683580,+3.06,+24.082, +6.637,+0.986
1680683880,+3.05,+24.066, +6.663,+0.987
1680684180,+3.06,+24.082, +6.653,+0.986
1680684480,+3.06,+24.082, +6.639,+0.986
1680684780,+3.05,+24.057, +6.625,+0.986
1680685080,+3.06,+24.066, +6.593,+0.986
1680685380,+3.06,+24.066, +6.536,+0.984
1680685680,+3.05,+24.074, +6.492,+0.984
1680685980,+3.06,+24.074, +6.464,+0.986
1680686280,+3.05,+24.066, +6.386,+0.985
1680686580,+3.05,+24.099, +6.350,+0.985
1680686880,+3.05,+24.091, +6.361,+0.987
1680687180,+3.05,+24.074, +6.398,+0.987
1680687480,+3.05,+24.091, +6.387,+0.985
1680687780,+3.05,+24.082, +6.414,+0.987
1680688080,+3.05,+24.066, +6.407,+0.987
1680688380,+3.05,+24.082, +6.373,+0.986
1680688680,+3.06,+24.057, +6.355,+0.985
1680688980,+3.05,+24.074, +6.365,+0.986
1680689280,+3.05,+24.082, +6.355,+0.985
1680689580,+3.05,+24.057, +6.400,+0.986
1680689880,+3.05,+24.074, +6.400,+0.986
1680690180,+3.05,+24.066, +6.405,+0.987
1680690480,+3.05,+24.074, +6.402,+0.986
1680690780,+3.06,+24.099, +6.381,+0.986
1680691080,+3.06,+24.066, +6.386,+0.986
1680691380,+3.05,+24.082, +6.438,+0.986
1680691680,+3.05,+24.082, +6.481,+0.986
1680691980,+3.05,+24.082, +6.535,+0.986
1680692280,+3.06,+24.091, +6.596,+0.986
1680692580,+3.05,+24.099, +6.654,+0.985
1680692880,+3.05,+24.066, +6.689,+0.985
1680693180,+3.05,+24.074, +6.675,+0.986
1680693480,+3.05,+24.091, +6.682,+0.986
1680693780,+3.05,+24.066, +6.747,+0.988
1680694080,+3.05,+24.082, +6.716,+0.986
1680694380,+3.05,+24.066, +6.708,+0.987
1680694680,+3.06,+24.074, +6.690,+0.986
1680694980,+3.05,+24.066, +6.707,+0.986
1680695280,+3.05,+24.057, +6.683,+0.985
1680695580,+3.05,+24.074, +6.788,+0.988
1680695880,+3.05,+24.066, +6.846,+0.987
1680696180,+3.05,+24.091, +6.942,+0.987
1680696480,+3.05,+24.099, +6.895,+0.986
1680696780,+3.06,+24.099, +6.921,+0.986
1680697080,+3.05,+24.108, +7.009,+0.986
1680697380,+3.05,+24.099, +7.093,+0.986
1680697680,+3.05,+24.082, +7.067,+0.986
1680697980,+3.05,+24.108, +7.062,+0.988
1680698280,+3.05,+24.091, +7.058,+0.986
1680698580,+3.05,+24.057, +7.027,+0.986
1680698880,+3.05,+24.116, +7.052,+0.987
1680699180,+3.05,+24.108, +7.032,+0.986
1680699480,+3.05,+24.091, +7.116,+0.988
1680699780,+3.05,+24.091, +7.102,+0.986
1680700080,+3.06,+24.074, +7.150,+0.986
1680700380,+3.05,+24.108, +7.126,+0.986
1680700680,+3.05,+24.074, +7.065,+0.986
1680700980,+3.05,+24.074, +7.017,+0.987
1680701280,+3.05,+24.066, +7.019,+0.985
1680701580,+3.05,+24.074, +7.065,+0.986
1680701880,+3.05,+24.099, +7.075,+0.987
