7392-539680
OS REV: 1.11 Sensor Cal: 1466698906
Time (sec),  BV (Volts),  T (deg C),  DO (mg/l),  Q ()
1681395780,+3.03,+23.354, +6.473,+0.986
1681396080,+3.03,+23.396, +6.534,+0.986
1681396380,+3.03,+23.429, +6.489,+0.983
1681396680,+3.03,+23.404, +6.471,+0.985
1681396980,+3.03,+23.362, +6.465,+0.985
1681397280,+3.03,+23.362, +6.453,+0.986
1681397580,+3.03,+23.337, +6.408,+0.985
1681397880,+3.03,+23.253, +6.320,+0.985
1681398180,+3.03,+23.295, +6.376,+0.984
1681398480,+3.03,+23.145, +6.198,+0.986
1681398780,+3.03,+23.103, +6.101,+0.985
1681399080,+3.03,+23.078, +6.177,+0.986
1681399380,+3.03,+23.061, +6.127,+0.986
1681399680,+3.03,+23.061, +6.134,+0.985
1681399980,+3.03,+23.036, +6.137,+0.985
1681400280,+3.03,+23.069, +6.147,+0.986
1681400580,+3.03,+23.027, +6.118,+0.985
1681400880,+3.03,+23.069, +6.118,+0.985
1681401180,+3.03,+23.053, +6.116,+0.984
1681401480,+3.03,+23.019, +5.988,+0.985
1681401780,+3.03,+23.002, +5.920,+0.984
1681402080,+3.03,+23.044, +5.934,+0.985
1681402380,+3.03,+23.002, +5.957,+0.985
1681402680,+3.03,+22.994, +5.875,+0.985
1681402980,+3.03,+22.986, +5.823,+0.984
1681403280,+3.03,+22.944, +5.746,+0.986
1681403580,+3.03,+22.961, +5.666,+0.984
1681403880,+3.03,+22.977, +5.624,+0.985
1681404180,+3.03,+22.969, +5.611,+0.986
1681404480,+3.03,+22.952, +5.605,+0.986
1681404780,+3.03,+22.969, +5.610,+0.985
1681405080,+3.03,+22.977, +5.610,+0.986
1681405380,+3.03,+22.977, +5.618,+0.985
1681405680,+3.03,+22.977, +5.708,+0.986
1681405980,+3.03,+23.002, +5.817,+0.985
1681406280,+3.03,+23.019, +5.819,+0.984
1681406580,+3.03,+23.027, +5.792,+0.985
1681406880,+3.03,+23.036, +5.889,+0.986
1681407180,+3.03,+23.036, +6.067,+0.984
1681407480,+3.03,+23.069, +6.132,+0.986
1681407780,+3.03,+23.061, +6.142,+0.984
1681408080,+3.03,+23.078, +6.196,+0.985
1681408380,+3.03,+23.086, +6.187,+0.986
1681408680,+3.03,+23.094, +6.232,+0.984
1681408980,+3.03,+23.086, +6.248,+0.985
1681409280,+3.03,+23.119, +6.252,+0.985
1681409580,+3.03,+23.094, +6.216,+0.985
1681409880,+3.03,+23.078, +6.167,+0.985
1681410180,+3.03,+23.044, +6.029,+0.985
1681410480,+3.03,+23.019, +5.954,+0.984
1681410780,+3.03,+23.019, +5.990,+0.985
1681411080,+3.03,+23.069, +6.158,+0.986
1681411380,+3.03,+23.044, +6.194,+0.985
1681411680,+3.03,+23.044, +6.118,+0.985
1681411980,+3.03,+23.053, +6.140,+0.985
1681412280,+3.03,+23.044, +6.073,+0.985
1681412580,+3.03,+23.036, +5.981,+0.986
1681412880,+3.03,+23.036, +5.921,+0.985
1681413180,+3.03,+23.036, +5.987,+0.984
1681413480,+3.03,+23.044, +6.031,+0.986
1681413780,+3.03,+23.011, +6.055,+0.985
1681414080,+3.03,+23.061, +6.026,+0.984
1681414380,+3.03,+23.061, +6.047,+0.985
1681414680,+3.03,+23.053, +6.020,+0.984
1681414980,+3.03,+23.069, +5.993,+0.986
1681415280,+3.03,+23.053, +5.928,+0.986
1681415580,+3.03,+23.061, +5.862,+0.984
1681415880,+3.03,+23.019, +5.801,+0.985
1681416180,+3.03,+23.044, +5.707,+0.985
1681416480,+3.03,+23.053, +5.668,+0.986
1681416780,+3.03,+23.053, +5.620,+0.985
1681417080,+3.03,+23.053, +5.639,+0.985
1681417380,+3.03,+23.061, +5.626,+0.985
1681417680,+3.03,+23.053, +5.616,+0.984
1681417980,+3.03,+23.036, +5.624,+0.985
1681418280,+3.03,+23.027, +5.622,+0.985
1681418580,+3.03,+23.053, +5.646,+0.986
1681418880,+3.03,+23.053, +5.619,+0.986
1681419180,+3.03,+23.036, +5.628,+0.984
1681419480,+3.03,+23.053, +5.731,+0.985
1681419780,+3.03,+23.053, +5.733,+0.985
1681420080,+3.03,+23.044, +5.766,+0.984
1681420380,+3.03,+23.044, +5.832,+0.985
1681420680,+3.03,+23.036, +5.877,+0.985
1681420980,+3.03,+23.036, +5.879,+0.986
1681421280,+3.03,+23.053, +5.863,+0.985
1681421580,+3.03,+23.044, +5.878,+0.986
1681421880,+3.03,+23.036, +5.876,+0.984
1681422180,+3.03,+23.027, +5.864,+0.985
1681422480,+3.03,+23.019, +5.832,+0.986
1681422780,+3.03,+23.002, +5.819,+0.985
1681423080,+3.03,+23.019, +5.765,+0.985
1681423380,+3.03,+23.019, +5.811,+0.986
1681423680,+3.03,+23.002, +5.779,+0.985
1681423980,+3.03,+23.011, +5.766,+0.985
1681424280,+3.03,+23.019, +5.798,+0.985
1681424580,+3.03,+22.977, +5.772,+0.986
1681424880,+3.03,+22.952, +5.652,+0.984
1681425180,+3.03,+22.935, +5.574,+0.985
1681425480,+3.03,+22.919, +5.469,+0.984
1681425780,+3.03,+22.919, +5.407,+0.985
1681426080,+3.03,+22.869, +5.165,+0.985
1681426380,+3.03,+22.852, +4.908,+0.985
1681426680,+3.03,+22.852, +4.838,+0.985
1681426980,+3.03,+22.827, +4.998,+0.986
1681427280,+3.03,+22.835, +5.079,+0.985
1681427580,+3.03,+22.827, +5.208,+0.986
1681427880,+3.03,+22.818, +5.250,+0.985
1681428180,+3.03,+22.827, +5.293,+0.985
1681428480,+3.03,+22.810, +5.312,+0.986
1681428780,+3.03,+22.843, +5.333,+0.986
1681429080,+3.03,+22.827, +5.396,+0.985
1681429380,+3.03,+22.827, +5.481,+0.986
1681429680,+3.03,+22.827, +5.551,+0.985
1681429980,+3.03,+22.802, +5.582,+0.986
1681430280,+3.03,+22.827, +5.568,+0.985
1681430580,+3.03,+22.827, +5.562,+0.986
1681430880,+3.03,+22.843, +5.460,+0.986
1681431180,+3.03,+22.835, +5.553,+0.985
1681431480,+3.03,+22.827, +5.599,+0.985
1681431780,+3.03,+22.835, +5.619,+0.985
1681432080,+3.03,+22.843, +5.587,+0.985
1681432380,+3.03,+22.835, +5.620,+0.985
1681432680,+3.03,+22.852, +5.679,+0.986
1681432980,+3.03,+22.818, +5.560,+0.985
1681433280,+3.03,+22.818, +5.587,+0.985
1681433580,+3.03,+22.818, +5.603,+0.986
1681433880,+3.03,+22.818, +5.589,+0.985
1681434180,+3.03,+22.818, +5.588,+0.986
1681434480,+3.03,+22.785, +5.546,+0.985
1681434780,+3.03,+22.827, +5.535,+0.984
1681435080,+3.03,+22.818, +5.538,+0.985
1681435380,+3.03,+22.810, +5.476,+0.985
1681435680,+3.03,+22.810, +5.430,+0.985
1681435980,+3.03,+22.810, +5.373,+0.985
1681436280,+3.03,+22.818, +5.349,+0.985
1681436580,+3.03,+22.818, +5.339,+0.985
1681436880,+3.03,+22.827, +5.393,+0.987
1681437180,+3.03,+22.827, +5.413,+0.987
1681437480,+3.03,+22.818, +5.402,+0.986
1681437780,+3.03,+22.843, +5.367,+0.986
1681438080,+3.03,+22.827, +5.332,+0.985
1681438380,+3.03,+22.818, +5.375,+0.985
1681438680,+3.03,+22.802, +5.400,+0.985
1681438980,+3.03,+22.827, +5.408,+0.986
1681439280,+3.03,+22.827, +5.400,+0.986
1681439580,+3.03,+22.860, +5.456,+0.986
1681439880,+3.03,+22.835, +5.466,+0.985
1681440180,+3.03,+22.843, +5.453,+0.985
1681440480,+3.03,+22.843, +5.417,+0.986
1681440780,+3.03,+22.843, +5.470,+0.985
1681441080,+3.03,+22.843, +5.333,+0.986
1681441380,+3.03,+22.860, +5.243,+0.986
1681441680,+3.03,+22.852, +5.191,+0.985
1681441980,+3.03,+22.835, +5.155,+0.986
1681442280,+3.03,+22.852, +5.177,+0.986
1681442580,+3.03,+22.852, +5.207,+0.986
1681442880,+3.03,+22.843, +5.305,+0.985
1681443180,+3.03,+22.810, +5.426,+0.986
1681443480,+3.03,+22.810, +5.473,+0.985
1681443780,+3.03,+22.802, +5.512,+0.985
1681444080,+3.03,+22.802, +5.515,+0.985
1681444380,+3.03,+22.777, +5.526,+0.985
1681444680,+3.03,+22.768, +5.535,+0.985
1681444980,+3.03,+22.785, +5.539,+0.986
1681445280,+3.03,+22.777, +5.547,+0.985
1681445580,+3.03,+22.760, +5.571,+0.985
1681445880,+3.03,+22.777, +5.552,+0.985
1681446180,+3.03,+22.777, +5.530,+0.985
1681446480,+3.03,+22.793, +5.548,+0.985
1681446780,+3.03,+22.760, +5.540,+0.985
1681447080,+3.03,+22.768, +5.549,+0.986
1681447380,+3.03,+22.768, +5.557,+0.985
1681447680,+3.03,+22.768, +5.531,+0.985
1681447980,+3.03,+22.768, +5.532,+0.985
1681448280,+3.03,+22.760, +5.500,+0.985
1681448580,+3.03,+22.751, +5.516,+0.985
1681448880,+3.03,+22.760, +5.522,+0.986
1681449180,+3.03,+22.768, +5.500,+0.985
1681449480,+3.03,+22.768, +5.499,+0.985
1681449780,+3.03,+22.777, +5.499,+0.986
1681450080,+3.03,+22.760, +5.487,+0.986
1681450380,+3.03,+22.751, +5.476,+0.985
1681450680,+3.03,+22.777, +5.482,+0.986
1681450980,+3.03,+22.777, +5.477,+0.986
1681451280,+3.03,+22.768, +5.472,+0.986
1681451580,+3.03,+22.777, +5.449,+0.985
1681451880,+3.03,+22.760, +5.422,+0.984
1681452180,+3.03,+22.777, +5.424,+0.986
1681452480,+3.03,+22.785, +5.422,+0.986
1681452780,+3.03,+22.760, +5.445,+0.986
1681453080,+3.03,+22.768, +5.440,+0.985
1681453380,+3.03,+22.768, +5.439,+0.986
1681453680,+3.03,+22.777, +5.424,+0.985
1681453980,+3.03,+22.802, +5.402,+0.985
1681454280,+3.03,+22.793, +5.388,+0.986
1681454580,+3.03,+22.768, +5.364,+0.986
1681454880,+3.03,+22.777, +5.328,+0.985
1681455180,+3.03,+22.760, +5.326,+0.985
1681455480,+3.03,+22.777, +5.312,+0.985
1681455780,+3.03,+22.785, +5.348,+0.986
1681456080,+3.03,+22.802, +5.353,+0.986
1681456380,+3.03,+22.768, +5.376,+0.985
1681456680,+3.03,+22.785, +5.392,+0.987
1681456980,+3.03,+22.777, +5.396,+0.986
1681457280,+3.03,+22.777, +5.401,+0.986
1681457580,+3.03,+22.785, +5.381,+0.985
1681457880,+3.03,+22.785, +5.395,+0.986
1681458180,+3.03,+22.785, +5.401,+0.986
1681458480,+3.03,+22.785, +5.391,+0.986
1681458780,+3.03,+22.777, +5.368,+0.985
1681459080,+3.03,+22.785, +5.342,+0.985
1681459380,+3.03,+22.777, +5.346,+0.985
1681459680,+3.03,+22.768, +5.355,+0.985
1681459980,+3.03,+22.785, +5.334,+0.985
1681460280,+3.03,+22.802, +5.324,+0.986
1681460580,+3.03,+22.793, +5.308,+0.986
1681460880,+3.03,+22.768, +5.272,+0.986
1681461180,+3.03,+22.793, +5.254,+0.985
1681461480,+3.03,+22.785, +5.223,+0.984
1681461780,+3.03,+22.785, +5.201,+0.985
1681462080,+3.03,+22.785, +5.175,+0.985
1681462380,+3.03,+22.802, +5.139,+0.986
1681462680,+3.03,+22.785, +5.113,+0.986
1681462980,+3.03,+22.777, +5.069,+0.984
1681463280,+3.03,+22.768, +5.048,+0.986
1681463580,+3.03,+22.785, +5.031,+0.984
1681463880,+3.03,+22.768, +5.119,+0.984
1681464180,+3.03,+22.777, +5.139,+0.985
1681464480,+3.03,+22.793, +5.137,+0.985
1681464780,+3.03,+22.785, +5.114,+0.985
1681465080,+3.03,+22.785, +5.114,+0.985
1681465380,+3.03,+22.777, +5.124,+0.985
1681465680,+3.03,+22.785, +5.136,+0.985
1681465980,+3.03,+22.777, +5.144,+0.986
1681466280,+3.03,+22.802, +5.100,+0.985
1681466580,+3.03,+22.810, +5.076,+0.985
1681466880,+3.03,+22.785, +5.026,+0.984
1681467180,+3.03,+22.777, +4.970,+0.984
1681467480,+3.03,+22.777, +4.929,+0.984
1681467780,+3.03,+22.785, +4.870,+0.984
1681468080,+3.03,+22.768, +4.873,+0.985
1681468380,+3.03,+22.785, +4.878,+0.984
1681468680,+3.03,+22.785, +4.903,+0.985
1681468980,+3.03,+22.777, +4.902,+0.984
1681469280,+3.03,+22.777, +4.912,+0.984
1681469580,+3.03,+22.751, +4.908,+0.984
1681469880,+3.03,+22.768, +4.889,+0.984
1681470180,+3.03,+22.777, +4.884,+0.984
1681470480,+3.03,+22.777, +4.873,+0.984
1681470780,+3.03,+22.785, +4.856,+0.984
1681471080,+3.03,+22.785, +4.811,+0.983
1681471380,+3.03,+22.777, +4.793,+0.985
1681471680,+3.03,+22.777, +4.777,+0.985
1681471980,+3.03,+22.777, +4.772,+0.985
1681472280,+3.03,+22.751, +4.814,+0.985
1681472580,+3.03,+22.777, +4.826,+0.984
1681472880,+3.03,+22.760, +4.821,+0.984
1681473180,+3.03,+22.768, +4.797,+0.985
1681473480,+3.03,+22.768, +4.772,+0.984
1681473780,+3.03,+22.768, +4.782,+0.984
1681474080,+3.03,+22.777, +4.844,+0.984
1681474380,+3.03,+22.760, +4.972,+0.985
1681474680,+3.03,+22.777, +5.030,+0.985
1681474980,+3.03,+22.777, +5.103,+0.985
1681475280,+3.03,+22.768, +5.149,+0.985
1681475580,+3.03,+22.793, +5.179,+0.985
1681475880,+3.03,+22.768, +5.250,+0.986
1681476180,+3.03,+22.785, +5.235,+0.985
1681476480,+3.03,+22.777, +5.247,+0.985
1681476780,+3.03,+22.793, +5.282,+0.986
1681477080,+3.03,+22.785, +5.290,+0.985
1681477380,+3.03,+22.785, +5.304,+0.985
1681477680,+3.03,+22.793, +5.315,+0.986
1681477980,+3.03,+22.768, +5.324,+0.985
1681478280,+3.03,+22.777, +5.350,+0.985
1681478580,+3.03,+22.785, +5.393,+0.986
1681478880,+3.03,+22.793, +5.433,+0.986
1681479180,+3.03,+22.810, +5.466,+0.985
1681479480,+3.03,+22.802, +5.479,+0.986
1681479780,+3.03,+22.777, +5.427,+0.985
1681480080,+3.03,+22.785, +5.410,+0.985
1681480380,+3.03,+22.785, +5.465,+0.985
1681480680,+3.03,+22.810, +5.474,+0.985
1681480980,+3.03,+22.793, +5.473,+0.984
1681481280,+3.03,+22.768, +5.487,+0.986
1681481580,+3.03,+22.793, +5.477,+0.985
1681481880,+3.03,+22.777, +5.460,+0.985
1681482180,+3.03,+22.768, +5.464,+0.985
